 8223
 3046
 1987
 1713
 1091
 4745
 5977
 5538
 4710
 4897
 1179
 8190
 5881
 5369
 3973
 6495
 6604
 7178
 7369
 1289
 8878
 4176
 6508
 2495
 8130
 3678
 3560
 6872
 6423
  605
 9567
 3798
 8724
 2547
 7666
 9286
 8660
 4935
  560
 9716
 7065
 5055
 7558
 9414
 1789
 7285
 8421
 8983
  904
 8926
 2137
 3148
 6993
 6932
 4499
 2426
 3237
  143
 7709
   25
 5877
 2329
 1744
 1725
 3961
 2458
 5239
 4060
 2261
 7719
 7798
 3401
 7579
 4239
 8861
 2340
  214
 1429
 6749
 8707
 3674
 6008
 2198
 6852
 4316
 5927
 9905
 4008
 3119
 2522
 2074
 8633
 9347
 9021
 5006
 1394
 6530
 6829
 3515
 3586
  875
 2169
 4343
 1104
 7363
 4477
 5419
 8052
 9485
 2993
 8636
 1531
 4717
 5133
 2756
 3863
 5443
 6882
 2505
 5572
 8256
 4754
  936
 6037
 6701
 8455
 7889
 9034
 3727
 4319
 1406
 5503
 2876
 3172
  746
 2486
 7871
 3353
 7943
 2049
 4906
 9548
 8720
 3004
 7320
 9459
  647
 9276
 8048
 6655
 1162
 9614
 3092
 1848
 6345
 3224
 5533
 6989
  257
 5814
 3063
 9773
 2586
 7243
 7325
 5561
 1612
 7186
 2466
 7596
 3259
 2728
 5010
 8947
 6788
 3468
 3142
 5601
 6751
 2875
 7308
 1287
 9172
 5731
 1440
 5496
 1226
 9535
 6400
 8158
 3760
 6418
 5064
 3906
 7441
 5116
  122
 4674
 6330
 3116
 3308
 2658
 3157
 4102
 4528
 7718
 1256
 3631
  347
 4304
  110
 8317
 4999
  897
 1765
 4788
  227
 4569
 1113
 4298
 7466
 5119
 6766
 4446
 8579
  964
 1580
 5214
 3096
 4331
 8688
 3125
 9972
  535
 4421
 2945
 1589
 9861
 3966
 7101
 4815
 7915
 9490
 3038
 1462
 9611
 3817
  330
 1915
 6170
 5166
  350
 1347
 9598
 2960
 9552
 4275
 2219
 8584
 6260
 1090
 3229
 7298
 5762
 1112
 5530
 1022
 1195
 8161
 4702
 5668
 6204
 1856
 2782
 9130
 8750
 6367
 2287
 4805
 1534
 1206
 8643
 2706
 4181
 6369
 2725
 9088
 8419
 9348
 8281
 9506
 7164
 8376
 5372
 9366
 8693
 8018
 6804
 8359
 4900
 7551
 1013
 6867
 2376
 7324
 5679
  451
 3830
 6101
 8713
 7162
 7945
 7155
 1844
 7047
 1460
 4337
 5210
 7056
 2062
 9733
 9422
 2457
 1067
 9641
 1079
 1096
 3390
 1026
 2404
 3066
 2008
 6688
 5260
 1229
 3099
 7300
 8863
 2146
 8583
 1719
 1018
 1674
  976
 5882
 6434
 8021
 5569
  581
 4991
 1849
 9804
 3502
 2917
 5958
 3686
  872
 1107
 8208
 8343
 5544
 6898
 6642
 1020
 3800
 7955
 6921
 5784
 5700
 1688
 7384
 6180
 7218
 8858
 7533
 6139
 4323
 8044
 8258
 9677
 2135
  251
 4856
 5337
 5137
 9465
 9894
 9671
 3154
 9474
 4074
 8275
  726
 2326
 9235
 8388
 9462
 5341
 3545
 1453
 4087
 4977
 4021
 5804
 1796
 6933
 3065
 5954
 8637
 6230
 2333
 1628
 9438
 5402
 5944
  788
 6115
 6992
 1039
 7722
 2110
  309
 7594
 7505
 5673
 5848
 7168
 8245
  876
 5920
 9522
 4117
 4613
 1061
 2627
 1627
 9820
 8929
 5441
 1360
 1420
  780
 7454
 9692
 9019
 9401
 7813
 4858
 4388
 7510
 2612
 6660
 2297
 6518
  815
 5479
 6280
 3505
 8818
  536
  634
 6820
 9081
  351
 5857
 3880
 7095
 6541
 2154
 4884
  792
 7845
 6461
 6036
  240
 6831
 5414
 9505
 1890
 1757
 4109
 9244
 1972
 6282
 1381
 1293
 7260
 8746
 7755
 3414
 2460
 5281
   60
 4688
 6152
 9973
 9847
 2479
 1075
 5045
 5765
  180
 6410
 6084
 1925
 3721
 4520
 2122
 2184
 1852
 4621
 5276
 1803
 6668
 6001
 4518
 4893
 1876
 7629
 1526
 2630
 6825
 7675
  975
  144
 1828
  469
 5802
 7040
 2964
  278
 3018
 1975
 4491
 9793
 8719
 8993
  879
 9304
 4981
 6943
 6561
 4836
  816
 9148
 5760
 4241
 2979
 7221
  779
 2822
 1910
 1678
 1434
 4622
 7148
 9738
 8020
 9077
 4236
  133
 9961
 6374
 6104
 8517
 2990
 2163
 9903
 1846
  646
 5617
 4660
 5997
 3331
 2609
   67
 6270
 6385
 9504
 5139
 8022
 9020
  725
 7562
  612
  224
 2157
 5237
 5674
 2631
  534
 5953
 9784
 3924
   92
 7714
 7503
 1731
 2151
 7408
 5396
 7537
  114
 7975
 7872
 4500
 9216
  164
 3622
 5720
 6128
 3534
  101
  300
  485
 6126
 1815
 1069
 6774
 1115
 9620
 8165
  501
 7358
 9908
 1415
 5637
 7121
 5653
 7359
 4876
 1198
 6494
 8026
 9344
 9456
 2425
 6620
 7394
 1616
 6940
 9114
 4071
 7974
 4946
 3724
 4149
 4070
 7938
 9191
  795
 5408
 2908
 7425
 4795
 7920
 8335
 4059
 1788
  704
 7119
 5367
 3267
 4549
 1093
 8657
 7492
 7016
 3482
 5388
 8526
 1308
 6823
 5289
 1663
 5664
 6653
 2190
 5647
 5975
 5516
 1672
 9602
 2273
 6531
 1143
 2640
 9106
 7619
  495
 8396
 7538
  254
 6454
 6870
 6522
 7011
 6161
 4938
 5263
 5467
 7214
 4750
 7402
 9301
 3853
 3443
 3292
 2577
 4039
 9739
 9635
 3952
 8510
 6485
 1353
 1955
  934
 1684
 1361
 9271
 6121
 8402
 2176
 9947
 4082
  609
 7311
 1779
 1141
 1653
 1285
 6584
 9224
 6283
 3022
 7982
 3278
 9281
 6864
 9135
 2847
 1145
 7229
 4150
 7939
 7275
 5305
 6919
 8296
 8301
 3007
 2103
 7556
 8744
 3730
 3487
  596
 4414
 3814
 7199
 1237
 4667
 6062
 9884
 2412
 5562
 6976
  579
 6962
 5013
 3071
 7091
 7946
 6743
 9364
 8169
 5050
 6361
  113
 1055
 9732
  980
 5019
 9115
 2439
 1131
 3740
 2120
 1583
 7175
 2735
 6830
 3358
 1519
  322
 1559
 8468
 8773
 2067
 5430
 3258
 8555
 9605
 9480
 6621
 8661
  787
  452
 5034
  546
 2019
 8562
 8231
 1658
 8174
 5989
 5028
 1817
  623
 4467
 6375
 6628
 4715
 7529
 9745
  765
 5197
 5702
 3777
 8691
 9302
 5582
 6191
  611
 9990
 2628
 3835
 1379
 1976
 1123
 5483
 3561
 2916
 2644
 1841
 5981
 2931
  576
 9098
 8471
 4046
 1498
 8820
 4928
 4226
  193
 3434
 8076
 9578
 6406
 5180
 8788
 7875
 3568
 2578
 3182
 3820
  985
  990
 9067
 4096
 9942
 1700
 4399
 6840
 6018
 2762
 8518
 7050
   70
 6612
 7521
 4727
 9448
 1149
  902
  853
 7932
 6616
 6950
 3506
 5187
 2348
 4926
 4089
 7310
 2035
 2744
 2872
 5691
 1695
 8573
 7104
 5861
 8499
 6427
  146
 4582
 5583
 2025
 8822
 9615
 8898
 5891
 8507
 2622
 4428
  237
 1077
 1899
 8554
 3868
 8093
  201
 1073
 1926
 7810
 8594
 3776
 5391
 3897
 1875
 9008
 5547
 2317
 1585
 4808
 4783
 1175
 4185
 2621
 3064
 8078
 7509
 9994
 9829
 7404
  390
 2656
 3435
 2223
 7494
 2745
 7417
 3507
 6438
 3106
 2162
 4719
 8427
 4929
 1029
 1775
 1981
 8630
 2719
 5267
 9833
 7677
 6100
 9521
 1087
 2044
 2041
 6478
  327
 7751
 2018
 6807
 3031
 2335
  982
 2392
 8793
 8023
 4389
 8060
 8059
 3881
 6278
 5274
 5984
 2178
 1212
 3062
 3761
 1772
  185
 9038
 7079
 2453
 5350
 4802
 9469
 9379
 1830
 9222
 6777
  124
  624
 9495
 3655
 6966
 6851
  748
 7002
 9809
 3933
 2356
 8986
 6783
 8159
 5043
  437
 1482
 8997
 9730
 1726
 8989
 4525
 9428
 3244
 7891
  215
  723
 6153
 4645
 3175
 1253
 7746
 2773
 8289
 7610
 1922
 4293
 5155
 7296
 3499
 1716
 5144
 7455
 2022
 3902
 8140
 9025
 3582
 2201
 8821
 8727
  732
 5384
 6006
 3102
 1494
 7580
 7301
 2716
 4880
  499
 3407
 6951
 6244
 7758
 1418
 2865
 7884
 3640
 8253
 3397
  952
 2170
 3930
 2473
 5340
 8939
 1329
 2527
 6555
 5298
 7497
 1578
 3768
 4231
 4690
 9447
 3470
 4288
 1911
 3764
 6397
 9529
 8354
 1277
 3590
 2350
 5003
 8961
 9319
 5900
 6381
 1833
 7668
 2634
 3601
 8889
 8967
 6421
 4098
 9454
 4160
 2657
 4342
 4112
10000
 4267
 7159
 5644
  438
 3319
 9555
 6984
 5594
 3268
 1058
 5588
 8838
 1425
 5092
 5394
 3748
 9419
 8156
 1764
 7173
  921
  341
 4180
 3520
 8572
 2930
 1870
 9542
  882
 6029
 6971
 4158
 1040
 9988
 8442
 7238
 4198
  851
 7013
 5704
 9182
 9761
 9705
 3090
    9
 1196
 4425
 9721
 7443
 2696
 6039
 3660
 6202
 9125
 4246
 6198
 2817
 9122
 5584
 9899
 8690
 7865
 2393
  163
 1647
 3794
 2388
 9199
 7135
 5257
 1829
 6000
  660
 2012
  162
 2234
 5599
 5663
 8715
 8876
 5951
 8760
 8654
 9240
 7083
 7640
 1336
  669
 2899
 7501
 6806
 5450
 6649
 5411
 4706
 1601
 6435
 1699
 9282
 8709
 3682
 7993
 9923
 2166
 9251
 3744
 7403
 6682
 3026
 2878
 8123
 6136
 3992
 3273
 7931
 3410
 4934
   16
 8068
 9429
 4220
 7962
 4023
 6411
 1552
 2480
 5635
 9190
 6437
  814
 7450
 9858
 3921
 6505
 8540
 8439
 9751
 9252
 1843
 1358
   95
 2496
 1571
 2324
 6004
 5697
 1230
 3220
 5344
 5620
 9228
 1126
 4771
 1541
 2924
 6253
 4944
 5855
 6633
 3709
 8731
 6900
  295
 4700
 3567
 1546
 9263
 2023
 8486
 2608
 9824
  933
 7859
 6489
 4427
 4992
 2102
 1192
 9765
 6077
 8181
 2145
 7498
 5105
 8761
 5486
 8958
 1019
 8860
  459
 9698
 8885
 5038
 7480
 1507
 3700
 3441
 9352
 9571
 6125
 5286
  741
 3262
 6990
 8610
 5457
  168
 3916
 6606
  668
 4394
 4299
 7773
 6894
 8612
 5308
 5585
 8090
 7015
 6715
 7877
 6525
 6818
 1606
 9594
 8287
 5049
  764
 5377
 2065
 2929
 6515
 6758
 4806
 3036
 4390
 8770
 9166
 2511
 4786
 8797
 8862
 2685
 6513
  316
 7432
 7473
 8409
 5213
 5785
 5835
 9577
 5671
  829
 9229
 3365
 9945
 7349
 1491
 7949
 5261
 9868
 6211
 3526
 9087
 9782
 9425
 5922
 2415
  680
 9979
 2189
 2764
 6729
 6873
 9540
 6776
 2549
 6304
 2851
 5136
 1626
 4222
 9217
 2040
 4406
 2662
 2367
 4286
 9303
 1363
 7350
 7561
 6662
 7573
 4628
 1842
 9112
 8999
 4623
 5985
  461
 2282
 2371
 4253
  367
 4604
  648
 3591
 9731
 1144
 6614
 7826
 2046
 2720
 7250
 9817
 3217
 1761
 5262
 3524
  516
 6579
 8095
 2675
 8595
 4436
 8373
 8826
 7627
 9300
 4417
 2898
 3638
 3176
 2372
 4494
 5004
 6754
 4711
 3855
 3436
 3773
 7086
 4327
 9061
 1554
 1297
 2401
 2034
 9562
 8463
 7176
  355
 1923
 8065
 4950
 6893
 1124
  781
 8794
 6467
 9044
 1099
 1148
 6471
 4134
  644
 9433
 8133
 9647
 4775
 9760
 1479
 1677
 4044
 7068
 5188
 3637
 5800
  783
 4589
 4397
 1009
  489
 5093
 4249
 5031
 4173
 1920
 7089
  434
 2450
 7764
 4036
 1683
 8392
 6720
 4097
 8591
 7208
 3457
 2986
 1180
 1998
  205
 6860
  239
 9589
 6627
 8764
 3985
 9242
 8224
 4433
 5714
 9865
 8851
 2043
  209
 9436
 4392
  504
 6482
 1642
 5931
 8855
 2107
 4118
 9143
 2254
 8101
  271
 6401
 1437
 5189
 1278
 7060
  543
 5499
   15
 7031
 7936
 5748
 7125
   69
 2020
 8772
 2395
 3784
 6762
 5288
 3857
 4678
 9943
 2368
 6311
 3641
 9442
  974
 3159
 8201
 8849
 6939
 4721
 2823
 1837
 2147
 5573
 7217
 5078
 8056
 5407
 9514
 2925
 7914
 1906
 5607
 1942
 7867
 2207
 1958
 6623
 8480
 1778
 4696
 2562
 9249
 9160
 7160
 1072
 5550
 8588
 8470
 1913
 1395
 4922
 8868
 7082
 8349
 5923
 4062
 6681
 8751
 4904
 7282
 8974
 1117
  310
 9073
 8735
 1307
 4632
 1639
  794
 5625
 7136
 3874
 8400
  263
  383
 3616
 7323
 4313
 3537
 4776
 5969
 9541
 8714
 6189
 4347
 4047
 9195
   14
 7708
 4641
 2510
 8043
 5161
 7328
 7760
 2079
 3813
 6837
 7506
 2377
 9799
 3082
 3834
 1977
  259
 9685
  151
 3556
 4034
 9640
 4214
 2011
 8270
 7206
 6173
 5902
 2194
 4685
 9984
 2271
 7489
 5988
 4287
  618
 2248
 5332
 9027
  290
 8467
 9285
  593
 8385
 9786
 5176
 1964
 9769
 8545
 9174
 7072
 7219
 3158
 7418
 2535
 4200
 9479
 7697
 2755
 5746
 6583
 2610
 3275
 4434
 1561
 5939
 2902
 4937
 7544
 6503
 9712
 1662
   75
 6090
 6134
 3636
 4742
 4772
 8767
 8166
 7274
 1483
 2678
 1275
 8542
 8549
  758
 4080
 4572
  614
  811
 8207
 1085
 1476
  397
 8685
 7033
 1153
 1614
 8649
  911
 3990
 8487
 5913
 4664
 6868
 3565
 8796
   71
 8338
 9162
 6491
 7008
 9412
 1364
 2265
 3427
 6687
 8086
 8841
 9369
 6542
 2718
 6764
 3865
 1644
 7226
  528
  987
 7330
 9418
 2697
 1568
 2494
 6184
 6572
 5404
 9177
 5541
 1771
 2957
 7020
 9537
  268
 1638
 5879
 9740
 7401
 2088
 4424
 2707
 1845
 6954
 1017
 7738
 7784
 3937
 6352
 3013
 9985
 9009
 8611
 4565
 3989
 4227
 6773
 5277
 3001
 7638
  740
 9090
  661
 9657
 4378
 4015
 4484
 9411
 6339
 2633
  883
 8398
  914
 1889
 9788
 9041
 4691
 1292
 2591
 5543
 1295
 4758
 9085
  798
  580
  506
 6895
 2870
 4791
 1410
 9305
 1082
 8283
 2781
 7327
 4923
 8271
 2323
  542
 7370
 1210
 5693
  393
  907
 7256
 5466
  500
 2666
 5806
 8515
 8309
 1321
 5604
  478
 9416
 4885
 2563
  881
  496
 4195
 8272
 6466
 2096
 2962
 3757
 5009
 4250
 1477
 5919
  346
 2429
 8626
 6054
 8928
 4955
 6728
 9458
 9702
  771
 2806
 1282
 3391
 9147
 4130
 1178
 4281
 9208
 2126
 5146
  659
  841
 2497
 7122
 4447
 7392
 7228
 3747
 8179
 4344
  154
 4598
 4797
 6166
 6808
 4069
 4658
 4199
 2650
 3910
 1982
 1774
 3381
 3643
 5104
 6114
 8397
 8508
 7799
 5830
 9951
 7161
 3914
 3849
 6819
 7904
 5398
 6836
 6596
  595
 3307
 9170
 8975
 1252
 9526
 5121
 9744
  358
  216
 1733
 8682
 1037
 9512
 9068
 7996
   39
 9929
 6486
 6219
 1033
 5065
 9376
 7036
 5598
 9070
 6432
 8200
 7540
 5956
 2476
 2859
 4336
 2305
 3704
 4470
 2501
 4746
  333
 8145
   41
 4040
 2596
 6096
 3804
 9946
 5556
 4403
 7307
 6455
 4384
 2797
 7153
 8454
 5869
 7149
 2250
 6043
 6854
 9338
 1500
 4175
  286
 1705
 1404
 5646
 4208
 5405
 8514
 6095
 2766
 5240
 6439
 1582
 9818
 5519
 2672
 7654
 6364
 4921
 6347
 7730
 4571
 9341
 3472
  817
   28
 7145
 9518
 1323
 9875
 6299
 6577
 7468
 9642
 7106
 6885
  369
 3988
 9355
 9752
 5182
 9893
 5275
 9460
 5107
 7711
 9580
 5268
 2086
 1092
 9424
 4953
 5801
 3069
 4463
  247
 1847
 9415
 7681
   34
 9790
 2698
 8055
 4635
 1066
  920
 1668
 7832
 7660
 4122
 3941
 2069
 9004
  156
 8241
 1599
  288
  371
 3605
 6318
 4274
 1189
 6218
  865
 6456
 2055
 3177
 5063
 9803
 8544
 7021
 2089
 4501
  871
 2283
 7771
 9104
 2840
 3720
 8440
 2903
 9489
 9315
 4737
 1151
  861
 2553
 8027
 5966
 2030
 6714
 6315
 7144
 9084
 3241
 3856
 2233
 8890
 9350
 7892
 6295
   93
 2263
 3617
 5453
 1167
 9476
 1392
 1676
 1993
 1503
 1028
 9807
 1545
 8919
 5047
 3230
 1551
 8775
 4400
 5456
 7778
 5903
 3294
 2472
 4294
 2266
 3418
 2523
 1980
 5272
 1770
  194
 6734
 7387
 3793
 3885
 1822
 7785
 7303
 6871
 7388
 9213
 1793
 8073
 7185
 5888
 6158
 3011
 4320
   56
 9299
 2947
 5959
  722
 1709
 8804
 6063
 3452
 1732
 3742
 7641
 9697
 7796
 5744
 2606
  586
 7448
 8313
 4420
 2575
 1272
 9691
 6102
 7885
 5539
  994
 3841
 5336
 4248
 6500
 9653
  270
 8386
 3232
 8197
 7886
  686
 2124
 1245
 3872
 9351
 4825
 9983
 5115
 8813
 3118
 3658
 3593
 1986
 9056
 9339
 6617
 9587
 8886
 8906
 8561
 9227
 6415
 3352
 1984
 7881
   90
 2330
 4146
  834
 2546
 1802
 4794
 5768
  530
  281
 8659
 6853
 5076
 8215
 8129
 5389
 1025
 7263
 4341
 4647
 3900
  112
  116
 2887
 5505
 3225
 2885
  272
 7280
 7908
  242
 1951
 1339
 2974
 9613
 3215
 6081
 9328
 1445
 4917
    1
 1044
 2760
 7951
 6744
 5829
  152
 2871
 2548
 5589
  714
 5698
 7435
 6216
 6380
 5860
 4990
 6760
 9706
 3052
 4155
 2713
 8677
 3355
 6403
 1509
 1522
 8652
 1595
  219
  925
 7535
 1767
 9839
 8062
 9821
 8736
 4699
 2569
 2819
 4832
 2321
 1120
 5757
 5571
  973
  513
 6879
 9673
 8274
  292
 1768
 2054
 3581
 8149
 2532
 9834
 7398
 3257
  943
  777
 9907
 3600
 6911
 3288
 2763
 4271
 3162
 6710
 9674
  413
 3437
 4656
 1703
 8220
 6550
 8248
 6217
  617
 6148
 5864
 8310
 6291
 5098
 9318
 8635
 6512
 1118
 1537
 1322
 9023
 9225
 9896
 4590
 2268
 6740
  396
 3516
 4106
 6548
 6305
 4449
  378
 6765
 9365
 5238
 6790
 8749
 4550
 5211
 3153
 7434
 8924
 8306
 3610
 7118
 5206
 6076
 3467
 3799
 1929
 7520
 3206
 8827
   57
 5809
 6030
 2814
 7170
 5564
 6575
 6827
 9836
 7763
 5186
 8598
 5612
 4290
 1640
 3609
  462
 9483
 7081
 5100
 7515
  258
 3085
 9772
  453
 1495
 7292
 7266
 3323
 2965
 9857
 9243
 6065
 4473
 7444
 5169
 8502
 8702
 9048
 1859
 2217
 1298
 3525
 9734
 1372
 1506
   64
 6424
 5872
 9083
  852
   13
 1832
 2928
 1300
 9457
 1258
 8377
 6463
 5446
 9688
 2555
 8433
  234
 1633
  870
 2149
 9682
 1940
 5619
 3969
 8954
 4260
 5448
  621
 1318
 1825
 6789
 5309
 3563
 5222
 9111
 7109
 8808
 2303
 8148
 5734
 7827
 8733
 9356
 9900
 2968
 8035
 4738
  927
 1749
 5789
  121
 9113
 6780
  547
 4094
 7471
 3715
  786
  810
 3129
  280
 5173
 6817
 7222
 9292
 6310
 8371
 2477
 6680
 7393
 3077
 9913
 4853
 8316
 5755
 9725
 6123
 9451
  812
 2557
 1190
  981
 3057
 7539
 6557
 4228
 6351
 4871
  850
 7902
 6326
 3860
  171
 3101
 6302
 9207
 3012
 6586
 9502
  843
 2674
 5570
 8136
 3309
 6833
  608
 9258
 1921
 5761
 6395
 8106
 6521
 5027
  821
 3081
 6554
 6861
  129
 6499
 1140
  398
 9563
 6803
 6371
  100
 4429
 7410
 6457
 4899
 1435
 4485
 8194
  993
 6589
 9028
 7635
 7211
 4374
   58
 1831
 9336
 4498
 5552
 7493
  628
 4709
 5639
 3194
 1465
 8152
 7575
 2788
 9802
 6031
  329
 5840
 4784
 3718
 5224
 2584
  199
 7922
 5348
 5338
 9785
 8506
 2454
 5316
 1424
 3120
 8819
 8318
 3496
 3523
 8115
 8357
 4284
 3707
 7469
 7670
 8940
  713
 3738
 5399
 5181
 6017
 6429
 6426
 4652
 9681
 5080
 5828
 4166
 6022
 2795
 6344
  570
 9722
 6600
 9500
 7849
 1346
  577
 5915
 6752
 2949
 2736
 8745
 4095
 2992
 7633
 2991
 5058
 3423
 7313
 2589
 6444
 7195
 4760
  674
 3491
 2487
 4583
 3351
 8089
 8978
 4345
 2187
 3829
 9481
 2789
   44
 9396
 2353
 4132
  571
  132
   88
 2475
 9434
 7212
 4661
 5165
 9426
 9161
  492
 6899
 7237
 6841
 8460
 6665
 3522
 7689
 4472
 3714
 6195
 1873
 6910
 9078
 2186
 6016
 3345
 4544
 3356
 7706
  697
  361
 4211
 8370
 5658
  565
 8616
 5345
 5269
 1704
 1944
 3833
 5555
  602
 2341
 1556
 7345
 3384
 8571
 2705
 5618
 6965
 2203
 3316
 2689
 1223
   53
 2699
 4958
 2288
 4949
 6296
 3361
 3788
 4332
  837
 2655
 9016
 6301
 9232
 2430
 6169
 2298
 7864
 7427
 2821
 2576
 5778
 1390
 1753
 3749
 9546
 8285
 2568
 4695
 3867
 7989
 5095
 4481
 2434
 9917
 4733
 3693
 8991
 1108
 9934
 7735
 3839
 8198
 2427
 8117
 3208
 6255
 7631
 9822
 3595
 3662
 9729
 6356
 8143
 4998
 3302
 5567
 8853
 7171
 3810
 8353
 8911
 6222
 5722
 9226
 1352
 1475
 5154
 7906
 9926
 3858
 8209
 6543
 9183
 6200
 3032
 5409
 8732
  665
 7789
 7165
 2660
 8522
 2221
 1239
 8336
 4162
 2445
 5025
 6233
  276
  702
 6176
 7786
 2380
 2824
 3138
 2712
 1756
 5710
 3076
 6312
 6186
 2440
 6792
 4974
 1184
 5051
 9307
 5018
 3843
 3623
 9758
 2097
 5352
 8581
 5364
 2174
   10
 1613
 7084
 3160
 3134
 4207
 2113
 3785
 9753
 1173
 6214
 1826
 1012
 2731
  537
 5917
 7405
 5566
 2873
 1160
 8864
 8679
 7772
 6595
 4966
   77
  891
   48
 4714
 3340
 6262
 9421
 9866
 3672
 8865
 8524
 2048
 4768
 1286
 1130
 8557
 8538
 2856
 7080
 3145
 5303
 4056
 8053
 7205
 7375
 5839
 9386
 5559
 1305
 4644
 2274
 6360
 9060
 3837
 9055
 2130
 3471
  165
  188
 8444
 1690
 8163
 8810
 1340
 5094
 6068
 7647
  613
 9205
 7543
 8606
 1486
 2825
  831
 2369
 4206
 3213
 3029
  548
 4174
 2493
 4781
 1621
  540
 4143
 3717
 4338
 6220
 7978
 7960
 2000
 2345
 6625
 2654
 6227
 2869
 4018
 8465
 8728
 6236
 8687
  857
 1953
 6201
 2209
 9914
 1570
 8000
  223
 7438
 8325
 8342
 6145
 8758
 2545
 9511
 4086
 7066
  772
 2039
 7088
 6956
 4554
 5217
 4482
 8916
 4335
 6603
 8680
 7064
 7283
 2552
 4090
 4599
 4171
 5610
 8689
 9385
 2536
 8570
  689
 3554
 7779
  963
  730
 8743
 7287
  737
 1694
  479
 6769
 5324
 4945
  844
 4720
 2016
 4626
 2853
  325
 8942
 8127
 4982
 5413
 9362
  908
 4580
 3527
  710
 5670
 3058
 5168
 2942
 8268
 8010
 4993
 7203
 1608
  752
 4901
 9388
 9287
 6996
 4521
 4169
 5965
 6863
 5897
 1966
 7572
 2378
 4478
 1265
 7467
 2831
 1904
    5
 3763
 8644
 8049
 6797
 9266
 4277
 3807
 5776
  663
 1049
  161
 5580
 7518
 2084
   38
 7344
 6274
  645
 7156
 5087
 6670
 9354
 2765
 5085
 3203
 8121
  889
 9499
 8556
 4752
 4767
 5908
 6969
 6443
 2604
 7605
 7723
 3072
 4968
 9446
  410
 8850
 4212
 3047
 9400
 6574
 7853
 9194
 9390
 7793
 7802
 1464
 7353
 5109
 6573
 3606
 2004
 5994
 7424
 1447
 9089
 5643
 4870
 8227
 6131
 1666
 4987
 6287
 1249
 5511
 9063
  318
 2364
 9262
  774
 8754
 9126
 1542
 3105
  368
 6049
 8188
 1221
 5242
 3113
    6
  866
 6800
 4108
 4736
  104
 2922
 1413
 9218
 1894
 9309
 8799
 8901
 7836
 1333
 1194
 7289
 9746
 4588
 9956
 5469
 4306
 2168
 1373
 9470
 7837
 4898
 2915
 6848
 2469
 3844
 7179
 5083
  848
  594
  389
 3180
 9816
 4502
 3019
  687
  320
 8553
 5233
 3475
 4718
  532
 5482
 3466
 7977
 3950
 1459
 8892
 2307
 5608
 5156
 7794
 3192
 8126
 9863
 7671
 1182
 3247
 3202
 8664
 4103
 2220
 3296
 5096
 6639
 7318
 1405
 6613
 6745
 8738
 5376
 1319
 1251
  627
 5934
 7530
 9920
 9622
 4927
 9391
 7876
 7502
 6209
 9963
 1995
 2302
 4793
 1708
 1895
 8219
 8560
 7970
 6810
 4611
 7830
 6925
  226
 2100
 7953
 9330
 9335
 6252
  243
 1735
  313
 6151
 1714
 8109
 3050
 9393
 5421
 7123
 2370
 6892
 7657
 5967
 2278
 6713
 7693
 5791
 1786
 6526
 2517
 5912
 6944
 8360
 2543
 3737
 4386
 8578
  305
   74
 4563
 3315
 9215
 3439
 5534
 2214
 5174
 7818
 4693
 1745
 6601
 9560
 1213
 2374
 6656
 5568
 7225
 2614
  972
 5223
 7026
 4813
 8092
 7676
 7004
 5130
 9042
 7603
  505
 8806
 8500
 6556
 9406
 9065
 4170
   17
 9632
 9755
 6907
 8340
 6544
 8443
 8966
 2881
 9989
 6085
 4854
  863
 7971
 5657
 7899
 5026
 9954
 7364
 2783
 2739
 5886
 4164
 2574
 4238
 7163
 5726
 1416
 5201
 2994
 3254
 4493
  207
 7449
 8753
 7601
 5741
 9313
 3733
 5513
 5455
 8278
 6928
 8701
 7423
 7286
 6700
 1834
 6109
 9214
 6058
 4869
 2161
 1377
 3956
 5251
 3336
 8286
  835
 9074
 4605
  119
 1301
 8955
 7483
 4393
 9403
 8859
 4245
 4364
 2407
 8915
 4524
 9349
 7878
 8621
 1917
  998
 7814
  117
 7947
  524
 9556
  552
 5968
 2092
 1102
 7073
 2295
 9841
 2646
 2002
 7451
 6796
 8520
 7085
 4225
 5463
 8683
 2987
 1752
 4443
 2615
 7045
 5191
 5507
 9374
 4367
  706
 7731
 5403
 4432
 4810
 8069
 8457
 1103
 7346
 3186
 8114
 1857
 1782
 8063
 3869
 6718
 1485
 8900
 6622
 4846
 5681
 8498
 5837
  545
 1634
 8603
   68
 8646
 4864
 4988
 1164
 6890
 5422
 4789
 4584
 5786
 8474
 7898
 8669
 4167
  759
 6309
 7365
 4845
 5035
 8973
 9138
 4412
 9039
  476
 4603
  372
 2742
 7337
 1328
 7460
  956
 4735
 8959
 7721
 1643
 6086
 1572
  804
 6055
 4527
 2727
 6708
 3938
 6419
 7059
  167
 9876
 4673
 8037
 3111
 5433
 7200
 9310
 2205
  473
 8842
 9629
  296
 5615
 3604
 9367
  922
 9094
 6802
 8408
 2270
 1649
 8809
 3424
 3503
 9966
 3123
 4237
 8484
 8184
 2682
 9888
  643
 1581
 4960
 3360
 8778
 7150
 8211
 7251
  356
 5946
 7007
 3171
 2253
 5536
 7715
 8628
 9996
 8178
  255
 5249
 8829
 7133
 6396
 5733
  679
 2997
 9781
 2886
 5246
 3380
 9675
 2976
 8028
 2165
 4670
 9714
 1266
 7386
 1015
 7788
 6564
 6078
 3550
 5818
 3572
 2015
 6462
 3335
 7739
 4837
 3024
  170
 9582
 6576
 7499
 8312
 4849
 8563
 8473
 8210
 3909
 3330
 8445
 1136
 7076
 2703
 4881
 2411
 9062
 3299
 6920
   18
 2923
 9600
  307
 5024
 7990
  684
 3284
 5477
 7582
 5474
 7762
 6316
 9707
 7220
  638
 2882
 6923
 8368
 9291
  969
 4948
 8192
 6636
 2461
 4416
 7768
 6223
  808
 4370
  789
 7316
 1125
 2202
 4722
 2693
 6026
 5677
 9794
 1564
 6028
 3569
 7257
 7649
  971
 8116
 1801
 9144
  260
 2774
 5086
  198
 5117
 1827
 9012
 8836
 5428
 1671
 6685
  297
 6855
  538
  909
 9024
 8012
 8352
 1619
 3854
 3907
 4570
 8614
   61
 6723
 4191
 4328
 5256
 3801
   79
  332
 8112
 9290
  938
  526
 2711
 4266
 1783
 5212
 8081
 4835
 5480
 7058
 9837
 6834
 8712
 9510
 2907
 1902
 3274
 8170
 6683
 4368
 3282
   52
 7652
 8311
 9493
 8030
 5827
 8622
 8586
 3681
 2977
 5502
 3483
 3477
 6175
  109
 9949
 4229
 3144
 1990
 2080
 3886
 2798
  753
 9116
 6331
  514
 3665
 6072
 3612
 4312
 8609
 9982
 2465
  408
 3873
 4852
 8302
 8157
 1496
 5667
 9014
 5687
 8172
 3669
 4487
 8131
   80
 6342
 9201
 6276
 5859
  589
 9261
 3823
 6067
 3598
 1853
 3620
 9239
 4324
 3476
 9075
 6654
 8931
 5425
 7642
 1070
 7322
 2983
  868
 5252
  213
   35
 3927
 6288
 4679
 4902
 8697
 8276
 7057
 9275
 6407
 1023
  529
 5012
 4110
 5310
 4595
 5926
 2301
 7606
 5287
 1270
 8002
 8206
 6814
 7925
 5986
 8448
 5815
 7491
 1835
 8432
 1456
  342
  186
 3850
 2398
  155
 1773
 1611
 9638
 8226
 8239
 6874
 1528
 3350
  776
 2183
 4291
 8981
 4522
 5330
 8667
 9119
 4985
 9545
 9569
 5683
 6050
 6251
 6695
 3127
 6730
  724
  793
 2868
 7445
 5333
   72
 7846
 8608
  807
 6228
 1411
 2387
 5209
 3140
 2673
 8777
 6960
 7959
 8047
   87
 5059
   42
  701
 1706
 4264
 3531
 1992
 2328
   91
 3070
 7474
 6514
 4868
 4732
 4533
 4646
 8962
 3179
 7496
 4612
 9669
 3608
 8308
 8177
 3388
 8695
 3819
 3884
 5259
 5444
 1047
 5079
 9767
 2534
 1345
 2525
 7044
 6012
 9257
 8266
 2383
 1354
 9517
 4855
  906
 8229
 6845
 2280
 9777
 7181
 1474
 9394
  983
  610
 7048
 9825
 9018
 1155
 9334
 2315
 3663
 3981
 4545
 1238
  601
 3374
 1501
 1751
 9509
 7770
 2508
 3529
 9603
 6431
 3290
  694
  886
 8066
 7463
 7808
 5142
 4223
 2418
 1274
 2451
 5563
 3422
 6226
 2587
 6778
 7333
 4027
 1935
 5885
 8925
 9609
 3758
 2363
 3481
  847
  206
 3546
 2094
 4413
 3372
 2619
 7046
 7828
 8676
 4334
 5628
 4606
 6292
 4471
 4875
 7817
 1106
 8848
 2975
 4507
 2912
 2153
 3967
 8634
 3287
 3428
 7547
 8965
 7396
 7626
  650
  441
 9887
 8235
 8146
 2334
 4671
 9676
 2669
 3221
 9838
 5904
 9109
  729
  893
 9762
 9052
 5906
 6650
 6112
 6629
 9742
  991
 9922
 3392
 5410
 4534
 6061
  685
 6300
 8204
 3333
 7252
 6506
 2444
 6011
 6938
 9158
 6080
 2491
 1715
 6079
 4488
 1260
 2179
 8390
 9991
 5164
 2256
 9445
 3519
 4382
  448
 8692
 5390
 3044
 6382
 1939
 8005
 5849
 8436
 7052
 8768
 4256
 7099
 3347
 9723
 2358
 5039
 3815
 9558
 7129
 1896
 8706
 3836
 3979
  731
 9015
 7390
 8344
 3587
 6110
 6127
 4144
 4091
 9798
  800
 8075
 4153
 8481
 1701
 3235
 3255
 4698
 2471
 1724
 2518
 6340
 1129
 8668
 9155
 8024
 2595
 5036
 5833
 2704
 9316
 9801
 9464
 6185
 4596
 1900
 3150
 7860
 2605
 9672
 7585
 5279
  941
 9551
 3458
 4454
 9053
 8096
 3073
 7917
 9764
 9832
 8604
 2516
 1721
 4257
 3917
 8321
 1071
 6875
 6327
 5576
 8355
 5291
 1937
 6497
 3786
 7727
 1557
 7459
 8893
 9935
  559
 8288
 2227
  517
 5082
 5579
 8255
 9248
 2613
 4682
 4697
 6815
 9136
 2950
  769
 4489
 4530
 4663
 5788
 7244
 5638
 4602
 1201
 4081
 8029
 1380
 6975
 7769
 8619
 4532
 6472
 1862
  319
 6549
 2257
 3639
 2052
  480
 6092
 9503
 7018
 5718
 4148
 3279
 4187
 7639
 6243
 3216
 6355
 3075
 5325
 5075
 5549
 9519
 8186
  827
 4078
 4362
 7293
 4154
 1098
 5996
 7991
   23
  859
 4230
 9952
 6247
  491
 2767
 3589
 8435
 8909
 3821
 7067
  291
 5597
 6130
 8613
 8648
 5822
 7141
  352
  671
 5103
 8265
 2051
 9296
  762
 6697
 8665
  864
 6481
 2811
 4811
 5215
 1142
 4483
 4099
 5842
  433
 1246
 5596
 8363
 2104
 4142
 5862
 5158
 8752
 3667
 7107
 7124
 6641
 4790
 3963
 4510
 9624
 2167
 2344
 9999
 1257
 5780
 4430
 1577
 9941
 5772
 6182
 5323
 5124
 2235
 5838
 1448
 1006
 8277
 2807
 4262
 5172
 6246
 8489
 1366
 7703
 6775
 5651
 9346
 5365
 7053
 6279
 7183
 3094
 5998
 5090
 4558
 5229
 6168
 1596
  806
  797
 6839
 9664
 1439
 5167
 3695
 3164
 4279
 2171
 2185
 9586
 2073
 4358
 1081
 8988
 6801
 4774
 1543
  115
 7299
 9169
 6517
 7870
 7752
  402
 3862
 4827
 5656
 9231
 6181
 5454
 8320
 4506
 2143
 4576
 9668
  232
 8154
 7209
 2792
 4401
 5678
 5752
 1727
 3181
 4578
 6985
 9045
 9651
 6021
 5497
 8141
 2954
 5067
 1419
 9342
 2159
 1618
 7843
 5498
 4123
 6786
 3895
 3826
 2926
 6116
 8895
 1515
 8168
 6441
 7078
 2007
  790
 8888
 7725
 2325
 8017
 5445
 6570
 8532
 1924
  274
 7240
 2641
 9978
 7377
 3463
 7120
   63
 9550
 4353
 4292
 3976
 2314
  204
 3802
 9646
 5296
 3190
 1989
 8879
 6167
 9329
 1302
 8261
  149
 4615
 6272
 1200
 4272
 3161
 7588
 4465
  662
 4637
 7903
 9911
 6071
 5481
  344
 3951
 8139
 3539
  345
 6053
 6916
 4879
 1930
  340
 8374
 7976
 2519
 5740
 7366
 2688
 5177
 4567
 9095
  349
 7803
 8990
  302
  105
 2076
 8817
 6450
 4703
 3109
 8832
 5342
 7566
 2561
 3945
 5701
 6044
 6671
 5707
 3163
 3234
 1386
 3293
 9525
 7127
 9091
 3207
 6624
 1681
 5301
 2267
 8769
 5293
 2394
 8387
 8051
 4848
 9891
 5265
 9715
 4398
 3698
 7210
 3755
 9372
 4730
 1242
 7223
 2001
 1062
 5420
 2635
 9117
 4217
 6593
 6828
 4614
 9255
 5518
 8904
 1290
 9477
 5709
 2858
 2570
  241
  563
 9256
 8559
 8171
 7753
 7737
 6074
 7956
  698
 8757
 2449
 5383
 9250
 5666
 6051
 3851
 7507
  343
  405
  252
 5732
 4051
  652
 2900
 8854
 3893
 1864
 3553
 8704
 7890
  103
 5758
 7038
 7651
 2927
 3449
 4129
 5578
 1219
  140
 8914
 8250
 3462
 9639
 2005
 7442
 3383
  508
 2593
 8346
 7231
 4653
 9631
 3782
 3879
 9634
 1122
 2884
 2428
 9637
 1408
  568
 1335
 5824
 2722
 1233
 5070
 3326
 8789
 1088
 7351
 4516
 1357
 9381
 9554
 6422
 9179
 8045
  988
 2204
 6726
 3778
 2530
 8729
 7897
 8082
 6446
 5797
 4058
 1116
 2211
 2173
  411
 2809
 7550
 1693
 7574
 6904
 5143
 3892
 6679
 1330
 4619
 7680
 7504
 7495
 1883
 2690
 7202
 8647
 4814
 3377
 4505
 6945
 7486
 2648
 7577
 2838
 3934
 8575
 2255
 3086
 8716
 1579
 5131
 9579
  727
 2402
 4895
 6770
 1659
 4113
 2259
 1624
 2277
 7023
 1084
 1147
 9345
 1396
 2181
 8774
 3455
 8162
 6394
 6027
  348
 5645
 1114
   46
 3831
 4931
 6702
 6558
 7655
 9264
 1963
 1057
 5769
  249
  422
 2072
 4377
 7593
 4084
 6974
 2800
 6664
 3454
 4303
 3549
 7896
 1467
 9437
  435
 8404
 4001
 5629
 2098
 5118
 8420
 2738
 7421
 7844
 6224
 4509
 3478
 4547
 7560
 9800
 4440
 5179
 6626
 7115
 5204
 2470
 6452
 7552
 1127
  192
 5970
  312
 1177
 9812
 1076
 4782
 1536
 1787
 2045
   30
 1722
  756
 7829
  111
 8546
  385
 9173
 4748
 5108
 3965
 1632
  959
 6440
 6256
 2236
 9749
 9320
 7823
 4833
 9520
 2296
 4601
 2892
  425
 3236
 5068
 1446
 7840
 7900
 9808
 5520
 7437
 6163
 7766
 7777
 7841
 8597
 8054
 1362
 6507
 1484
 8946
 8351
 3084
 1550
 3994
 9017
 4919
  406
 3528
 7797
 3701
 7534
 9559
 8378
 8550
 8703
 9655
 5178
 7490
 9981
 7759
  424
 7430
 7874
 1387
 1014
 5203
 8585
 1617
 8953
 3948
 1625
 3197
 1743
 2431
  518
 4263
 7733
 7952
 2935
 2952
 2665
 5747
 3054
 8638
 7678
 3876
 3980
 4712
 5754
 9925
  992
 7158
 8403
 1183
 7664
  658
 4407
 1946
 2142
 9819
 3697
 9770
 9006
 1818
 9859
 4172
 9092
  587
 9211
 2106
 1609
 8032
 6241
 1932
 5699
 7140
 4933
 2026
 5553
 2985
 6891
 8896
 5373
 2906
 5763
 8414
 5899
 7873
 1228
 1267
 6632
 8180
 8294
 6585
 4085
 1197
 2424
 5134
 2896
 8577
 7608
 8395
 7724
 5727
 4586
 5132
  566
 2863
 7979
 8675
 8366
 7587
 5495
 2312
 9805
 9358
  574
 1948
 5870
 7234
 2058
 3343
 8009
 8790
 1224
 8361
 1850
 6816
 1234
 4371
 6178
 3332
 4763
 7801
 1488
 2893
 7968
 2156
 4457
 3490
 4780
 9776
 6293
   24
 5808
 6785
 7531
 8071
  599
 1901
 9616
 7590
 4330
 7965
 5475
 9607
 6033
 6048
 5278
 2603
 2180
 8932
 2967
 1146
 9699
 8552
 8176
 3509
  822
 9944
 1134
  917
 6120
 7634
 2071
 3276
   49
  222
 8509
 3417
 5218
 1407
 3919
 9619
 6157
 4415
 4743
 3986
 6056
 9277
 1867
 5029
 6188
 1187
  174
 5431
 5135
 3362
  799
 7767
 5973
 1172
 3218
  592
 1359
 6333
 6475
 2492
 4005
 1813
  830
  175
  664
 1409
 4686
 1520
 5379
 9665
 4959
 7995
 7997
  509
 2529
 5250
 7911
  328
 1316
  366
 9079
 8776
 9687
 7658
 2222
 5236
 2435
  118
 5200
  801
 4310
 4431
 8781
 9180
 3367
 2918
  282
 8501
 2709
 8910
  544
  521
 3396
 3034
 4860
  622
  178
 6567
 1702
 4651
 9823
 5459
 7595
 8547
 2509
 7615
 9666
 7613
 7549
 6739
 2148
 5304
 5950
  386
 6648
 9280
  126
 8008
  420
 9694
 4031
 9528
 5235
 9533
 6609
 4317
 4055
 9110
 6987
 2590
 8607
 7428
 9736
  667
 9524
  261
 3946
 8565
 9759
 3925
 3370
 5122
 2820
 7710
 9072
 5005
 3661
  287
 5790
 1660
  370
 6215
 9383
 4261
 1548
 8291
 9407
 1059
 1884
 2565
 8337
 5846
 5125
 8031
 5878
 6035
 7536
 4268
 5685
 5490
 2802
 8144
 4634
 8290
  901
  999
 2400
 2081
 5202
 5424
  575
 1511
 2533
 4812
 4723
  677
 4701
 9601
 6093
 6064
 5084
  736
 9862
 1186
 5473
 3093
 9724
  279
 3371
 5884
 5721
 1313
  935
 5537
 6643
 2506
 6711
 6799
 8119
 6179
 8298
 4918
 3495
 1999
 4504
 2390
  918
 9901
 8737
 8257
 5928
 7426
 3931
 6187
 4666
 3543
 1807
 4486
 7847
 7850
 5162
 9461
 7695
 7646
 7926
 1455
 9737
 6672
 4642
 1259
 9998
 3566
 9779
 2009
 1808
  642
 8602
  365
 3238
 7741
 1080
  359
 2229
 8347
 5756
 3456
 7075
 4638
 9326
 9592
 3204
 1512
 6663
 5921
 8228
 8437
 7295
 6877
 3541
 3803
 9596
 7192
 4965
 1299
 9059
 3068
 2438
 7335
 9778
 2331
 8830
 2320
 5798
  984
 3087
 1586
  600
 8617
 6847
 6373
 1679
 5509
 3285
  603
 2210
 2599
 7522
  142
 8407
 7820
 9099
 4956
 3051
  784
 6484
 8857
 9139
  507
 8902
 6716
 1809
 4360
 5794
 3588
 8251
 2384
 3958
  558
 5225
 8324
 5880
 6003
 4017
 4376
 4886
 1861
 5621
 2550
 4844
 9628
 9667
 8582
 1598
 7964
 4346
 8632
 5314
 3883
 8315
 8844
 1288
 3447
 5129
 9427
 2513
 3373
 2663
 3055
 2743
 8523
 4188
 6154
 3716
 6602
 9936
 2998
 6248
 8840
 6445
 6901
 8469
 4676
 6358
 3942
 6844
 4354
 2338
 1965
 3889
 3596
 9654
 7835
  311
  539
 6190
 5088
 7001
 5346
 7665
 7567
 6552
   32
 8739
 2078
 4135
 6159
 3548
 2231
 3597
 8305
 1962
 6249
 2560
 5716
 2996
 3679
 5153
 6659
 2346
 8233
 7948
 6757
 4546
 5978
 8815
  456
 7792
 9741
 3250
 5517
 3170
 8880
 1795
 3852
 6973
 7934
 8589
 3651
 9515
 3521
 1631
 2670
 7888
 1236
 5354
 2300
 8536
 7924
   86
  930
 2642
 6399
 7368
 1473
  630
 8488
 8786
 5783
 1240
 5032
 4105
 4519
 9660
  620
 1819
 4349
 2467
 2441
 9455
 8718
 2224
 2944
 3753
 2164
 7984
 6129
 2403
 4529
  182
 6174
 3574
 8856
 1428
 7909
 1051
 1711
 3359
 6193
 1686
 2911
 1792
 2676
 1641
 8717
  428
 3480
 3706
 2520
  503
 6694
 5150
 2192
 6132
 8882
 6412
 2794
 6676
 6753
 4003
 2131
 8956
 5715
  236
 7927
  825
 6379
 2796
  856
 3321
 9312
 8326
 6393
 5484
 4630
 8957
 5916
 9193
 4600
  656
 6652
  961
 6608
 8212
 2260
 2855
 8678
 5271
  719
 4983
 3272
 6213
 9132
 4280
 9230
 9636
 7166
 8323
 3329
 8756
 2031
 9921
 4753
 6275
 7988
 3908
 3767
 7923
 3305
 3317
 3899
 4543
 6952
 9453
 1824
 2361
 8216
   36
 6591
 9210
 8100
 6903
 9157
 1250
  217
 9828
  997
 6781
 9763
 9850
 2854
 2200
 6075
 6203
 2580
 6349
 6849
 3517
 1912
 1871
 2354
 4726
 6172
 5127
 6273
 5540
 4221
 9283
 2661
 2874
 8566
 6661
 3167
  338
 5312
 7523
  303
 1452
 3298
 8382
 9260
 1241
 2585
 5851
 2306
 7255
 8969
 8150
 6732
 2366
 3558
 4669
 2238
 4057
 9035
 5280
 5826
  833
 1469
 1031
 4826
 9590
 3283
 2598
 2632
  407
 4778
 9440
 7614
 1860
 4741
 6896
 4867
 4640
 1886
 5368
 8655
 9482
 7329
 4461
 2969
 3461
 5751
 5901
 4395
 8300
 8831
 4216
 3346
 3866
 2538
 1877
 9066
 1717
 6529
  632
  966
 7750
 5175
 8138
 9314
 8627
  880
 1646
 4402
 2999
 8907
 3354
 9890
 6929
 2484
   66
 4381
 1158
 9844
 7842
 2028
 1199
 3394
 8282
 2099
 2133
 2241
 6298
  885
 5091
 8006
 2730
 3625
 2294
 2667
 2602
 4161
 7063
 1271
 6553
  549
 3995
   47
 9974
 8684
 2212
 8541
  246
 6124
 9189
 1216
 5487
 5048
 4077
 9399
 5021
 2456
 1100
 8412
 7167
 1202
  899
 7944
 9695
 5819
 8658
 8446
 3970
 6111
  583
  692
 5745
 4468
 2955
 6524
 7413
 1457
 3745
 3923
 6842
 1692
 9420
 9382
 3301
 5957
 9491
 3080
 7736
 5672
 8067
 2251
  417
 5811
 6199
 8711
 5528
 6137
 2420
 1781
 8887
 6618
 4052
 5866
 4391
 1591
 5300
 3146
 4820
 3117
 8726
 9405
 7513
 5510
 9040
 9361
 3174
 9627
 1820
 7861
 6731
 4512
 5195
  616
 8558
 2826
 8147
 6563
 8142
 3451
 4273
 5773
 3723
 7227
 5231
 3960
 4866
 5462
 3878
  189
 2117
 7452
 8640
 9680
 5501
  449
  158
 1605
 4890
 6838
 6551
 8195
 6696
 7700
 7385
 8452
 1518
 4801
 2846
 3040
 4862
 3252
 6289
 3645
 8331
 5854
 1675
 7143
 7233
 7409
 6610
 7880
 6231
  635
    4
 6580
 5423
 1874
 5972
 4011
 6354
 9333
 6674
 5253
 8191
 4692
 4365
 5695
 9037
 7701
 5371
  550
 1687
 1412
 5735
 4063
 5318
  553
 7821
 1433
 9508
 1645
 8016
 3387
 5976
 2489
 5194
 4204
 4309
 1269
  225
 6523
 2059
 4127
 7617
 7854
 4728
 7312
 2258
 5930
  929
 2651
 7012
 9860
 9878
 5774
 4107
 2894
 9703
 7429
 8187
 4355
 7838
 4654
 4618
 5933
 2144
 1746
 8273
 3894
 5041
 2780
 7756
 9924
 3135
 4193
 7745
 8530
 6859
 4989
 1030
 9678
 8519
 4526
 8944
 4202
 8601
 5742
 9846
  134
 6196
 3188
 9478
 9873
 2284
 2564
 1680
 6955
 5847
 2351
 6578
 3875
 4503
  928
 9565
  903
 6747
 4759
 1949
 8762
 1885
 4659
 6812
 3533
 8428
 8034
 1529
 9108
 7621
 2213
 8564
 4916
 4865
 9937
 5581
 9389
 3750
 5936
 5895
 1243
 6468
 4903
 5077
 9958
 4372
   97
 9058
 2115
 7003
 1565
  392
 1648
 3977
 9370
 5266
 1001
 3949
 2799
 8108
  715
  231
 9145
 8155
 5284
 4973
 8303
 6832
 9384
 1105
 3811
 7054
 3746
 4019
 2061
 4100
 7009
 2686
 9246
 5227
 7372
 1991
 8372
 6846
 3783
 4675
 1525
 3735
 1427
 8222
 7707
 1729
 5892
 4240
 5221
 7241
 9735
 1881
 3246
 2734
 9140
 6332
 3025
 5008
 6686
 8592
 9856
 4050
 6308
 3822
 6428
  527
 2243
  467
 8426
 1970
 2626
 6640
 2617
 9163
 4799
 3552
 2503
 8080
 5961
 4896
 3074
 2777
 5492
  836
  947
 8202
 8755
 2751
 8384
 3169
 3501
 2747
 6183
 1535
 6269
 8367
 5557
 8964
 5719
 3078
 4437
 6005
 1306
 8243
 9156
 7986
 3469
 6313
 3209
 6763
 9993
 7508
 3632
 2715
 3577
 3901
 7961
 9321
 9848
  139
 6402
 6888
 5160
 2381
 4766
 2448
  381
  256
  767
 1499
 3450
  820
 6675
 6504
 5813
 6527
 9864
 4453
 8941
 9970
 9835
 3578
 7557
 5416
 3485
 2836
 7331
 8708
 8814
 8485
 3041
 1094
  636
 5626
  932
 6850
 3474
  412
  711
 5363
 2554
 5634
  813
 6010
 6013
 3508
 1343
 3984
 9561
 7609
 6958
 6042
 6070
 3987
 8415
  773
 1052
  275
  293
 9202
 3327
 2417
 3555
 3137
 3430
  384
 2332
 2463
 8874
 4297
 6862
 6968
 6881
 2077
 8599
 8800
 3419
 6510
 8763
 7517
 5606
 6822
 6239
 4639
 8234
 2139
 1011
 7371
 6673
 3341
 4000
 8812
  989
 1007
 3729
 5320
  619
 7999
 5777
 7747
  265
 7761
 5069
 2318
 8529
 3020
 8620
 1382
 3805
 7142
 1994
 8568
 1938
 8322
 9977
 2109
 3310
 8264
 8418
 8569
  471
 3189
 3245
 7305
 9889
 6991
 7456
 5843
 3256
 3972
 5152
 1086
 2841
 7816
 9574
  567
 4020
 4830
 1880
 8330
 6038
 4012
 1858
 8783
 3512
 7992
 8512
  519
 2933
 1514
 7087
  190
 5311
 1800
 4841
  839
 6319
 2860
 4542
 4053
 8920
 2285
 3696
 8875
 4460
  895
  502
 1988
 9439
  490
 6826
 3797
 3312
 1560
 5750
  211
 2447
 8663
 4448
 6420
 8375
 2245
  654
 7669
 6387
  826
 5987
 8725
 7616
 9849
 3271
  735
 6727
 2140
 5356
 7839
  364
 6408
 9497
 7586
 1063
 9719
 8137
 6931
  159
 9633
 5725
 4435
 5531
 9855
 2582
 8185
 1168
 7288
 4405
 4620
 2757
 6430
 7043
 8061
 2786
 9543
 3233
 2559
  967
  482
  221
  357
 9576
  708
 2481
  208
 7512
 7041
 8949
 7980
 8748
  457
 6964
 5334
 6138
 2386
 7373
 4404
 6118
 7918
 4475
 7863
 6811
 6336
 7440
 5689
 9360
 2692
 1351
 3263
 5435
 1590
  695
 3015
 8884
 3211
 5874
 5548
 4379
  760
   40
 9297
 8710
 4587
 2830
 1620
 1670
 2737
 8927
 7319
 5302
 6034
 5632
 6982
 9783
 3489
 2206
  195
 4396
 7548
 4887
 6082
 2904
 4840
 5072
 8590
 3266
 6317
 8615
 7128
 3067
 7488
 8948
 4535
 1159
 6779
 1882
 5992
 5515
 2889
 6959
 8461
 8341
 5023
 3652
 2937
 7439
 5258
 1698
 3599
 4773
 5282
 9000
 7783
  591
 9927
 1736
 3618
 3492
 9395
 2024
 9797
 6582
 2304
 7757
 8232
 5642
 1188
 6756
   98
 8244
 3713
 7805
 3615
 9086
 8478
  682
 5858
 7563
 3166
 9915
 8203
 9650
 6597
 7928
 5052
 4035
 4777
 5283
 8539
 6341
  314
 3911
 6024
 3722
 4196
 6105
 2042
 3494
 8213
 9617
 9595
 5883
 7235
 2966
 3828
 9219
 7919
 9187
  869
 1384
 7819
 5770
 7683
 8846
 6930
 3200
 9340
 7564
 8088
 8240
 6162
 7500
 2095
 2684
 1471
 6538
 5106
 4834
  900
  700
 5823
 4438
 3795
 2740
 1008
 4083
 5546
 3493
 4625
 7519
 3947
 8438
 1510
 9840
 1048
  551
 2419
 3009
  474
 8391
  555
 9026
 2833
 9573
  440
 2601
  569
 6750
  705
 8334
  890
 7643
 7028
 6678
 6536
 1035
 5995
 8505
  584
 5319
 4704
 5292
 3115
  244
 6994
 7236
 8279
 9234
 3781
 2083
  968
 5294
 8624
  738
 1810
 7883
 3059
 3404
 5595
 5662
 6290
 3971
 7729
  631
 5990
 3765
 4426
  673
 6147
 5485
 7092
 4557
 1997
 8497
 7806
 4068
 2064
 7879
 4986
 7485
 6972
 5326
 4684
 3399
 4151
 4466
 4283
 1262
 2422
 4757
 7734
 8050
 6528
 8945
 4972
 6416
 5470
 5123
 5852
 9826
 4843
 5185
 3378
 7317
  306
 4410
 3968
 2036
 9154
 1954
 7215
  896
 3431
 6040
 9284
 8992
 7194
 4459
 9644
 7742
 8001
 7190
  157
 8642
 8046
 4559
  905
 9670
 6813
 2815
 9441
  728
 1741
 6857
  427
 6598
 1600
  892
 5889
 6722
 5184
 1222
 8787
 6240
 8094
 9103
 9118
 2694
 5692
 2959
 4076
 8472
 2006
 5273
 6281
 5307
  212
 9806
 9188
 6520
 6405
 3779
 4325
 1539
 2920
 5449
 2679
 7672
 2939
 1450
 7565
  418
 4585
 1730
  923
 5417
  588
 2645
 5805
 2442
 2839
 7470
 5321
 6425
 8365
 1004
 7712
 5730
  228
 4747
  960
 7193
 1042
 4066
 7598
 5764
 5551
 7326
 7395
 3448
 1610
 2895
 2638
 7726
 6479
 8672
 4724
 4101
 4668
 1481
 5198
 7248
 3364
 9375
 2914
 1794
   51
 5508
 8364
 1865
 3183
 7868
 3110
 8852
 5705
 1524
  421
 8394
 9131
    3
 9726
 8670
 3542
 4608
 2629
 8102
 6409
  136
 6458
 9652
 7662
 2818
 4540
 1324
 3832
 4817
 2512
 9743
 6206
 6052
 1927
 5631
 7728
 9337
 2956
  854
 4373
 6571
 2158
 2010
 7583
 1024
 3460
 8587
 6337
 5465
 2951
 4016
 7935
 6742
 9686
 5183
  838
 2385
 4951
 5157
 3557
 7576
 9608
 5015
 9953
 7546
 8475
  809
 3890
 5795
 1888
 5192
 7921
 5979
 9842
 2829
 5452
 6470
 3656
 7304
 2247
 1562
 2754
 5374
 3049
 7815
 9539
 8249
 4861
  107
 8350
 3465
 2291
 1973
 3473
 1279
 4734
 7000
  604
 7022
 5400
 7416
 4716
 5190
 4439
  463
  615
 1393
 9435
 5014
 6746
 5743
  995
 9221
 2150
 5138
 6019
  429
 4375
 4067
 6496
 7114
 1762
 2090
 1470
 1978
 3103
 2776
 6487
 4186
 9472
 9892
 3187
 7661
 1567
 3277
 8674
 3915
 7446
 6144
 5011
 8503
 4551
 5219
 9013
 5525
 4259
 5007
 4137
 2544
 4116
 8918
 9604
 1950
 4798
 1174
 3334
 3887
 1974
 4952
 6032
 5037
 4282
 6721
 8423
 4305
 7032
  197
 7407
 2989
 5514
  353
 7039
 9236
 3100
 2290
 3978
 4961
 1157
 8525
 8970
 7973
 8319
 1403
 2597
  832
 5782
 1203
 9869
 1054
 5650
 1855
 3694
 5440
 6978
 7306
 1137
 3711
 1038
 2702
 4591
  363
 5624
 3571
 9343
 1734
 3005
 9392
 7188
 1281
 5661
 4561
 1378
 8199
 8805
 1493
 2289
  522
 7589
 6448
 2978
 4816
  775
 3289
 3551
 1248
 1532
 4072
 2033
 9317
 6210
 3668
  233
 4562
 7472
 8527
  264
  375
 9253
 8730
 3403
 5395
 4821
 2701
 3756
 4792
 7732
 2877
 9357
 4680
 8537
 7687
 6320
 3265
 3903
 6768
 8950
 2514
 2339
 6490
 8104
 3199
 4490
 9933
 4104
 2082
 1068
 1945
 8482
 9164
 7267
 4038
 3000
 6537
 3060
 3446
 3824
 3792
 3657
 3261
 1961
  102
 9475
 8182
 8795
 7334
  277
  633
 6637
 9986
 3122
 7399
 9238
 8348
 7553
 9962
  382
 9960
 5056
 9032
 3743
 5675
 7230
 6798
 5630
 7698
 1566
 8410
 4441
 7343
  470
 1919
 7516
 3386
 5825
 7656
 4655
 3328
 1444
 5659
 5890
 1918
  754
 2299
  299
 7648
 5600
 1422
 6208
 3630
  160
 9054
  460
 6245
 8798
 1738
 3664
 7705
 2128
  957
 5208
 2971
 1220
 6997
 4492
 8721
 8042
 7278
 3929
 1036
 9486
 2537
 4329
 9916
 3510
 5609
 8004
   55
 2409
 2160
 3433
 7809
 3838
 1863
 1523
 1750
 7852
 4124
 2365
 7462
 9757
 8175
  681
 3719
 3205
  716
 2405
 3964
 4677
 2406
 6691
 1839
 8449
 5821
 8036
 4308
 8033
  127
 7126
 8700
 8230
 6915
 9643
 9593
 7294
 2897
 6094
 7645
 1720
 3061
 6587
 4030
 3124
 3762
 8262
 2521
 2226
 7475
 6707
 2687
 5834
  326
 8913
 2252
 3603
 8064
 2269
 6483
 4592
 1630
 8824
 1823
 1956
 8877
 5360
 1332
 3818
 1652
 4940
 7484
 2714
 7431
 8462
 8935
 1056
 3079
 1872
 5963
 7624
 5942
 8696
 8938
 4831
 7981
 7271
 8825
 9431
 1016
 5248
 2195
 5636
 8496
 3912
 5245
 5460
 5684
 1150
 1111
 2790
  455
  317
 1065
 6266
 6946
 4787
  218
 6937
 8618
  970
 3530
  953
 4914
  666
 3944
 8936
 4616
 4049
 5285
 4514
 7692
 1540
 7604
   11
 2357
 7866
 1436
 6737
  846
 1337
 7620
 8837
 4409
 1138
   43
 3940
 1983
  690
 2114
 6469
 3734
 2750
  493
 4452
 2852
 3775
 7180
 6197
 8600
 3935
 2264
 3642
 9410
 5627
 9467
 4894
  691
 6970
 5081
 9270
 5074
 2905
 6372
 1109
 9378
 3888
 1121
 5871
  458
  423
 7969
 6926
 5771
 6559
 5616
 2313
  979
 4649
 2659
 2759
 3133
 6917
 9756
 4905
  515
 7273
 5349
 1838
 4909
 3021
 4041
 5641
 3406
 5102
 9192
 1766
 6156
 2455
 6565
 9897
 2242
 3053
  196
 6386
 9708
 2105
 4010
 8766
 9950
 5753
 4593
 4908
 5044
  203
 6998
 9082
 9810
 2936
  778
  625
  294
 9663
 2752
 2003
 6404
 8259
 9531
 2249
 3382
 8699
 4574
 2337
 1502
  824
 6905
 7197
 8084
 6935
 1368
 4190
  415
 4183
 2938
 5244
 4508
  651
 8297
 2309
 1309
 4610
 1682
 9536
 4859
 2116
 4024
 5362
 1478
 9102
 8548
 7674
 6389
 9931
   21
 6365
 4575
 3708
 2322
 8593
 6258
 9852
  335
 6843
 1691
 6594
  130
 4168
 8968
 6967
 3270
 6908
 9813
 4980
 4065
  626
 2664
 3242
 7555
 3114
 1737
 6980
 6324
 4796
 4163
 1385
 5295
 1166
 9570
 2349
 3690
  431
 1110
 4751
 5331
 4318
 6782
 4152
 4128
 8110
 3248
 6771
   65
 5128
  334
 8985
 6234
 8491
 4419
 5097
 9910
 5140
 2244
 6464
 7653
 2845
 4537
 1034
 5935
 7321
 8011
 7406
 8740
 7352
 5437
 6887
 8551
 8389
 3772
 9787
 7259
 1594
 5382
 6947
 8921
 4891
 7138
 2482
 9854
 4285
 6390
 9120
 9265
 4694
 9080
  803
 7542
 2834
 5867
 4165
 3042
 6784
 7600
 9906
 2988
 7400
 9151
 2901
 6141
 6735
 7096
 1780
 7916
 2980
 5436
 9902
 1739
 3240
 3416
 1161
 1132
 3497
 4232
 9178
 7482
 6376
 5558
  747
 9939
 7269
  944
 9932
 2724
 9097
 5351
 2909
 3536
 5633
 5622
 9830
 2779
 1573
 1466
 1816
 5171
 9774
 1046
 2652
 7887
 3896
 2708
 5353
 3877
 6634
 5220
 6194
 7950
 5590
 6303
 7025
 7030
 3827
 8845
 8015
 4210
 8167
 1527
 5943
 4352
 3699
 1327
 4769
 5713
 1669
  138
 7458
 4054
 6107
 3097
 4633
 7954
 3932
 6866
  874
 7688
 2769
 8742
 5427
  556
 5163
 6103
 6876
 9661
 3131
 9871
 3619
 5799
 9610
 6066
 2436
 9051
 3459
 3008
 8193
   62
 6059
 9501
 9030
 3644
 5141
 9886
 1776
 2232
 4553
 5397
 2891
 5605
  380
  481
 7628
 6328
  912
 9930
 9591
 3570
 1868
  269
 9402
 8280
 1432
 3575
 9704
 2524
 8871
 7302
 3280
 6883
 6793
 4366
 1443
 8057
 9516
 4357
 6772
 9129
 1043
 5728
 4192
 5522
 1985
 5001
 9031
 2423
  432
 6666
 8779
 2691
 7146
 5565
 2941
 9185
 2681
 1356
 6378
 4184
   54
 8834
 3518
 4411
  468
 6346
 2515
  210
  486
 7382
 2199
 3943
  742
 3702
 3438
 5803
 6913
 8003
 9957
 4729
 8295
 5243
 7910
 3627
 3195
 5099
 2984
 1665
 5945
 7347
 3671
 7213
 6238
 2573
  703
 5380
 9423
 5113
 4967
 7807
 5703
 7636
 5512
 4092
 4957
 3514
 3685
 3771
 2347
 7254
 1273
  855
 5046
 3673
 4892
 5472
 2583
 7258
 5841
 6725
 6767
 8952
 6546
 1423
 2787
 4978
 1089
 3295
 9618
 9965
 5241
 8098
 6377
 3314
 3962
 6149
 5060
 2075
  693
 2308
 4326
 2399
 4539
 1637
 9371
 4839
  183
 6511
 2060
 9278
 4996
 9444
 8247
 7824
 8937
  768
 1636
 4064
 1892
 3812
  409
 7554
 8490
 9176
 4552
 5406
 9272
 5844
 3954
 1710
 3264
 8379
  641
 3369
 1193
 9269
 6069
 8242
 8625
 7479
  147
 2539
  304
 3363
 1208
 3173
 5442
 9007
 2504
 9975
 8329
 1247
 8666
 9267
 4456
 7774
 6398
 9877
 2483
 5196
 1045
 3409
 6630
 2172
 4749
 1010
 8495
 3412
 1388
 8105
 7147
 8097
 2414
 6704
 3680
 3580
 3322
  179
 5111
  749
 8356
 1463
 7532
  951
 6142
 5426
  248
 4962
 3562
 4219
 1685
 2013
 7791
 6631
  494
 3996
  887
 9295
 9976
  125
  942
 6388
 5812
 5591
 2982
 2607
 4194
  585
 5022
 2741
 1027
 9203
 9380
 6192
 6717
 1508
 3253
 4356
 7983
 9409
 6646
 6963
  442
 9484
 9881
 4073
  761
 6519
 1312
  238
 3304
 5603
 4687
 2981
 9575
 2396
 9488
 1651
 7856
 9443
 6534
 6133
  520
 4093
 5299
 2478
 7957
 4573
 7360
  744
 6566
 8653
 1968
 6540
 3185
 2804
 8516
 5328
 7309
 1314
  414
 6795
  324
 8464
 2772
 3033
 9750
 2837
 8164
 9696
 1255
 6221
 6015
 3975
 3337
 1355
 3796
 3955
 3006
 4594
 4314
 8299
  446
 2311
 3226
 5020
  557
 4755
 5264
 8254
 2327
 3513
 6936
 5322
 8107
 2112
 5387
 1748
 1760
 4995
 7239
 3998
 6712
 6942
 4883
 1504
 5247
 9323
 9530
 6113
 9121
 9134
 3928
 9684
 3687
 5471
 7169
 9874
 3269
 9572
 3402
 5438
 9583
 6250
  791
 9022
 4888
 5542
 5401
 2485
 4979
 6516
 6693
 1097
 7336
 9727
 6267
 3339
 6488
 9845
 5856
 3393
 7966
 1000
 8873
 8807
 1430
 1530
 8218
 7042
 6927
 7894
 6986
 3421
 2389
  598
 8070
 1697
 8823
 4215
 1235
 6698
 9557
 1083
 9298
  860
 3184
 4739
 4147
 7108
 4002
 4026
 3095
 9171
 2063
 7094
 4032
 4269
 2581
  948
 6709
 5306
 7198
 3168
 6498
 4363
 7882
 2121
 7090
 8459
 6912
 9566
   22
 6165
 2237
 5759
 2452
 3132
 3576
 7341
 3997
  916
 3141
 5170
 7037
 9259
 7787
 7207
 1002
 2032
  498
 3227
 2849
 5955
 2748
 1480
   83
 3809
 5317
  718
 5649
 7436
 7277
 4925
  707
 7357
 9175
 1214
 7019
 1893
  867
 4408
 5875
 7097
 9815
 5535
 4029
 7744
 6391
 9870
 7690
 5962
 6171
 2973
 4423
 8237
 4689
 2808
 4824
 4333
 2029
 4581
 6359
 4515
 2359
 4942
 4970
 4451
 5876
 6607
   76
 3752
 4445
 6502
 8723
 7822
 2362
 8369
 6706
 9701
 5909
 5199
  426
 3676
 3193
 6918
 9912
 1053
 4265
 2768
 8214
  802
  465
 2502
 7389
 4536
 1673
 3846
 9233
 9683
 5592
 7383
 9186
 6261
 6177
 9771
 7356
 6733
  845
 2017
 9789
 4178
 2793
 4947
 4579
 3511
 4111
 4850
 6370
 7055
 2188
 1979
 9417
 6392
  284
 7781
 1217
  996
 1869
 2639
 1879
 5807
 4744
 9527
 1740
 7673
 2879
 1154
 6869
 6097
 8979
 1441
 5602
 7184
 7740
 5114
 2191
 7152
 1263
 8111
 8450
 8631
 3547
 5960
 3628
 1320
 2761
  676
 7623
 3243
 4201
 7361
  919
 1661
 3379
 4838
 7189
 7415
 8134
 6645
 1947
 4882
 8007
 4218
 3143
 3395
 1101
 3583
 7024
 8686
 5335
 3689
 9711
 2717
 3313
   85
 7242
 4307
 9096
  670
 1338
 7131
 9003
  657
  554
   81
 8872
 2499
 3429
 5216
 8307
 3650
 1492
 2228
 1139
 2490
 2542
 4764
 2373
 5688
 1799
 8897
 2778
 7994
 8019
 7172
 6322
 8039
 8417
  924
 2571
 4829
 2342
 5054
 7297
 5415
 5737
  720
 5234
 8513
 1928
   27
   37
 2286
 7453
 3108
 4556
 7017
 9473
 9747
 3239
 8284
  229
  443
 9167
 5749
 3017
 2279
 2111
 6098
 2784
 6547
 8424
 7704
 9718
 4994
 3739
 4629
 6229
 4828
 3045
 9645
 5315
 8434
 3859
 1074
 1280
 9049
 4422
 6020
 8535
 5614
  187
 5378
 4607
 4138
 9606
 2413
 2437
 2379
 4889
 7679
 5524
  339
  444
 9184
 8839
 2753
 6212
 1941
 6897
  150
  564
 7998
 6647
 3027
 6307
 5101
 1264
 6480
  373
 5148
 8025
 1261
 9209
  235
 8977
 9466
 7157
 5669
 5002
 8917
 5126
 3479
  401
 7420
 5779
 6724
 6605
 2118
 4624
 4022
 2857
 7717
   50
 6611
 8802
 2319
 2038
 4665
 7253
  955
 5489
 9882
 5898
 5434
 6460
 4301
 4818
 6809
 7376
 5868
 9831
 7422
 4042
 1005
 1538
 5850
 6083
 4631
 6362
 4705
 7102
  709
  262
 4224
 4013
 7696
  745
 7893
 8153
 7618
 3324
 9322
 8314
 5355
  289
  675
 5613
 9107
 7644
   12
 8984
 3585
 8629
  362
 2729
 7391
 7249
 2541
 3626
 3613
 6284
 5810
 3573
 6002
 2880
 8425
 8694
 2572
 2433
 7597
 8765
 1325
 1957
 3684
 7511
 2567
 9149
 6135
 8040
 2193
 1133
 3751
 4121
 6533
 3306
 8943
 1169
 1003
 6047
 1156
 9964
 7569
 9033
 6155
 3871
 3659
  828
 4617
 4235
  699
 8132
 2119
 4418
 8951
 4681
  273
  940
 4548
 5593
  137
 8867
 4276
 8453
 8236
 2862
 6957
 5030
  978
 6924
 1969
 5147
 6268
 5729
  629
 7182
 1050
 6232
 7780
 7630
 2528
 9353
 7967
 8333
 9658
 1303
 8085
 2861
 6948
 1349
 5724
 4863
 9843
 9368
 5676
 3039
 5066
 3922
 2848
 1897
 9377
 9880
 4803
 9181
 4779
 3648
 9626
 6277
 4932
 4321
 5832
 2770
 5526
 9105
 3564
 8963
 3444
 2695
 9791
  220
 1431
 4189
 7584
 8413
 6684
 5149
 4597
 3847
 7098
 4244
 2919
 4033
  945
 8327
 4296
 7051
 9327
 3808
 9853
 4139
 5057
 3228
 6025
 1311
 1821
 2408
 7116
 8079
 9585
 4910
 9584
 8451
  525
 1516
 5347
  590
 2093
 8576
 9568
 7380
 2208
 3303
 1521
 6297
 6334
 5207
 8960
 5586
 8784
  308
 9649
 9152
 4037
 2616
  578
  572
 9165
  141
 8833
 2240
 4114
 4025
 7581
 4941
 4469
  849
 3870
  360
 6703
 9223
 8238
 6961
 3210
 1712
 2963
 3098
 3348
 8923
  888
 6314
 7070
 7314
 7940
 9780
 9093
 5940
 6140
 8345
 9513
 9237
 9693
 5907
 5887
 5255
 7265
 2468
 1225
    7
 8980
 4804
 9918
 1555
 5577
 1887
 1451
 7478
 4028
 1348
 8698
 9005
 8493
 8996
 7686
 7591
 8221
  497
 3165
 7941
 3357
 6009
 3152
 4930
 2230
 8623
 1656
  145
 9123
 2416
 4495
  477
 5775
 8908
  404
 6977
 4243
   31
 3769
 2746
 7833
 7650
 7749
 1635
 9648
 3251
 5974
 8441
 7151
 4322
 2014
  323
  721
 5918
 2828
 7632
 9363
 3621
 8972
 9532
 1971
 3913
 5648
 4045
 4115
  672
 1227
 8405
 7811
 5853
 9200
 4496
 8196
 5655
 8639
 2216
 7685
 5439
 8173
 6207
 2620
 8072
 9432
 3325
 6476
 1533
 2127
 3726
 1204
 6447
 9324
 8504
 3201
 7355
 9496
 2391
 7942
 6805
 3653
 8494
 8246
 7134
 9128
 2540
 4061
 6949
 9133
  181
 9197
  796
 8596
 8785
 6357
 3692
  419
 9659
 6689
 9206
 6329
 2972
 4361
 7568
 2182
 6264
 2932
 1574
 8933
 9294
 3634
 5359
 8058
 3646
 8399
 9146
 3592
 2215
  464
 9076
 4088
 1806
 7264
 2805
 3107
 4043
  387
 5792
 2813
 1769
 1755
 4913
 5971
 7937
 3408
 6638
 7477
 3405
 3559
  131
 5845
 8118
 3953
 1490
 2507
 5712
 1558
 3178
 6459
 2262
 7191
   20
 9288
 9775
 9069
 1211
 8662
 3249
 5993
 4911
 3845
 9523
 2721
 7912
 6259
 2464
 5964
 4531
 3654
 5112
 6590
  655
 7702
 9047
 6323
 9967
 5491
 4740
 2281
 1402
 9507
 2843
 6588
 1367
 8431
 3281
  450
 8041
 4762
 6692
 2443
 8891
 1584
 3043
 5500
 5451
 1454
 7748
 3703
 4233
 8574
   89
 5781
 8038
 7775
 4761
 7029
 7332
 3957
  472
 8189
 4140
 3725
 4462
 6569
 2091
 9621
 8543
 5412
 6719
 4295
 4157
 2749
 5696
  770
 6205
 1933
  639
 4643
  379
 5375
 3780
 7782
 1967
 6999
 4480
   99
 1812
 5386
 2141
 4707
 8780
 8269
 2732
 5458
 9142
 1878
 5941
 4785
 4205
 4479
 3464
 8976
 5910
 3974
 1657
 3774
 4048
   73
 2890
 7414
 5929
 3498
 4713
 2683
 1784
 9768
 7035
 1602
 4566
 7276
 5527
 7348
 3787
 2292
 4997
 1707
 1304
 8014
  884
 7374
 8422
 8074
 9101
 7592
 7790
 7433
 9468
 6014
 5924
 7713
 1315
 9827
 8971
 9029
 7461
 4234
 8511
 5554
 6539
 8747
  169
 4442
 3219
 3789
 7272
 1505
 6453
 7602
 3286
 5061
 3368
 6237
 7340
 7607
  878
 3504
 3155
 1438
  678
 5708
 3003
 3683
 4842
 7174
 2129
 1791
 1654
 2921
 7476
 9909
 2888
 9124
 7117
 2225
 3635
 3149
 2588
 3104
 3918
 5831
 1931
 3488
  250
 9679
 5911
 7901
 6263
 7103
 1811
  785
   96
 5329
 1344
 3614
 1790
 3196
 5980
 1718
 2723
 6562
 5228
 7112
 2934
 8183
 3112
 5587
 3311
 4009
  202
 1696
 8998
 1383
 2961
 6741
 9373
  937
  946
  750
 3544
   19
 3156
 2943
 1468
 4444
 7682
 4079
 2432
 9408
 3484
 8792
  862
 2812
 7362
 3675
  894
 1603
 2136
 3089
 1563
  840
 1176
 1341
 7571
 6442
 1655
 3624
 4907
 4120
 5343
 8458
 8120
 7419
 9997
 1592
  561
  394
 7795
 9471
 4258
 1209
 1397
 5000
 4385
 3926
 7071
 1371
 3037
 6242
 4203
 5521
 5429
  388
 7139
  436
 9397
 6988
 4878
 1544
 5297
 4877
 7379
 3741
 6889
 2375
 2421
 6384
  915
  986
 9689
 8477
 5905
 1401
 5711
  531
 3936
 8383
 9792
  818
  200
 8645
 8113
 2196
 8705
  191
 5151
 7930
 3222
 3426
 7246
 2239
 8128
 2625
 2155
 6041
 3535
 5739
 5949
 2177
 6493
 5914
 1777
 1952
 4474
 3338
  488
 9168
  898
  395
 9987
  757
 9883
 3712
 2600
    8
 2293
 1268
 1398
 5366
 5361
 5652
 2125
 7987
 4924
 7857
 1376
 4577
 6235
 8381
 3983
 3607
 7743
 9940
 5982
 6257
 2958
 6568
  510
 6592
 6509
 7869
 1317
 9549
 9387
 8479
 3891
 9359
 3028
 6995
 2336
 4971
 6306
   45
 1814
 8225
 9332
 2047
 5313
 6433
 7691
 6909
 9212
 8816
 8533
 5073
 7851
 6073
 1622
 4765
 3816
  523
  416
 1805
 4963
 2459
 5999
  607
 5865
 6046
 5392
 8791
 7014
 6338
 1489
 1934
 8122
 9948
 2352
 8483
  445
 2021
 6108
  606
 7848
 4513
 3602
 9872
 5991
 2649
  950
 2500
 7862
 7716
 9494
 4133
 6414
 3440
 4254
 4564
 6821
 7625
 3710
 7137
 1742
 3121
 2551
  283
 3030
 6599
 7699
 3453
 1021
 3091
  541
 4912
 7831
 9796
 3540
 7487
 9308
 8903
 1587
 5654
 1032
 3864
 3432
 8401
 3666
 6581
 7958
   94
 1119
 1916
 9046
 8803
 7905
 2446
 9928
 9544
 6417
 3629
 1207
 7834
 7720
 7933
 7559
 6088
 6858
 2611
 3445
  512
 6350
 9274
  148
 3376
 4125
  511
 2152
 2410
 7667
 2832
 8870
 5493
 2668
 5766
 7111
 8476
 2647
 7825
 9245
 2653
 1891
 5506
 1191
 9898
  177
 3035
 7541
 7342
 2948
 8734
 8641
 7279
 3486
   33
 9625
 3260
  751
 7268
 6353
 7034
 4964
 9995
    2
 7524
 1181
 5983
 1449
 4976
 9036
 5290
 5893
 4936
 1078
 4984
 2867
 1798
 6164
 8656
  962
 5545
 1152
 8651
 4209
 7354
 2558
  377
  430
 2953
 1576
 4648
 4300
 3647
 6677
 8741
 8430
 4251
 6791
 8894
 4179
 9071
 4822
 6835
 3790
 8252
 6117
 2087
 6366
  755
 3770
 8416
 6160
 7895
 9057
 5464
 6878
 4450
 6057
 5817
 5159
 5796
 8580
 1060
 3766
  649
  873
 8905
 1629
 1310
  637
  166
 4197
 3538
 9011
 3083
 1232
 6089
 4014
 4511
 8567
 6906
 3791
 5110
 8339
 2101
 1331
 5523
 2810
 3848
 9814
 7093
 2566
 8987
 1041
 9100
 4874
  266
 7526
 9879
 5062
 5623
 8881
 6824
 3214
   26
 4315
 4683
 6099
 6143
 4672
 5017
 5894
 4847
 6023
  466
 9331
 5145
 3400
  267
 7291
  400
 6335
 2275
 2700
 8605
 1960
 6545
 8263
 7858
   29
 4289
 3754
  913
 2272
 4770
 7663
 9492
 1231
 2618
 3349
 7411
 7100
 5640
 6902
 4350
 8406
 7338
 7245
 1908
 9064
 9588
 5793
 2053
 6436
 1185
 2637
 3999
  403
  487
 2970
 1205
  877
 7659
 3759
 5381
 6886
 7514
 9895
  696
 1326
 5230
 3425
 3670
 6736
 8447
  562
 4920
 1575
  123
 8521
 1135
 7570
 9268
 9547
 2816
 1334
 2316
   59
 1664
  128
 4141
 5938
 7262
 7447
 8771
 1866
 5418
 6286
 5690
  743
 1513
 7464
 4006
 6325
 9452
 1170
 4351
 3411
 5574
 3611
 2138
 7545
 1547
 9980
 2801
 7855
 2940
 1461
 3736
 2056
 2995
 9656
  926
 1549
 8091
  173
 8358
 5932
 9662
 3342
 7578
 9971
 9289
 6535
 3297
 8843
 3825
   84
 9273
 4851
  717
 7457
 7224
 3375
 4538
 9002
 1907
 3688
 3905
 1763
 8013
 9463
 6501
 6651
 7132
 1497
 2343
 9141
 6225
 8260
 5680
 1593
  597
  337
 2066
  965
 9254
 9498
  763
 5575
 4383
 1215
 6532
 4708
 7005
 8328
 2057
 5504
 4497
 1996
 7776
 6738
  298
 9717
 1553
 1294
 4159
 5787
 1370
 1759
 7378
 6150
 6119
 3982
 9630
 4517
 9487
 3088
 2397
 4609
 6748
 2276
 6914
 2671
 2910
 4636
 5226
  285
 4119
 7913
 7261
 7006
  683
 9306
 3532
 1758
 9581
 1350
 3130
 7232
 4145
 5896
 6451
   78
 3649
 1421
 7339
 9720
  315
 2866
 7216
 1517
 3014
 7290
  977
 1898
 6884
 5270
 3002
 4182
 5040
 4915
 6091
 3840
 5947
 8304
 8922
 4541
 9885
 9311
 6146
 2310
 3139
 3731
 9220
 6880
 4156
 6045
 1604
 4213
  931
  842
 3691
 9564
 1797
 1607
 9127
 9597
  733
 1905
 4873
 8883
 1615
 4387
 9534
 9710
 3904
 8681
 1689
  336
 4975
  153
 5532
 4255
 8847
 9325
 8125
 3633
 9623
 6560
 9713
  354
  245
 9450
 6794
 1291
 4725
 8528
 9969
 5120
 7204
 4523
  640
 4657
 3231
 6699
 2197
 4131
 2844
 5357
 4007
 3991
 7804
  805
 5694
 8759
 6979
 8151
 2785
 1369
 7270
 4627
 5468
 8135
 2068
 8293
 9795
 6271
 5385
 3023
 2355
 1254
 3594
 2085
 1959
 5089
 3898
 2531
 5432
 8099
 9010
  230
  391
 4662
 2913
 2680
 9992
 3415
 1569
 4270
 9043
 3732
 6658
 2175
 9851
 7907
 9553
 1414
 1804
  483
  949
 4126
  484
  376
 6465
 8292
 3212
 8160
  106
 7281
 4339
 6755
 9204
 8869
  766
 9398
 6787
 6865
 1903
 7599
 3882
 5494
 2474
 7247
 4302
  858
 7800
 8380
 8217
 1389
 5461
 1936
 3016
 8673
 8456
 5042
 1400
 8801
 9241
 9612
 7528
 1276
 7177
 5925
 5863
 6106
 7367
 5660
 2946
 5205
 1914
 3420
  954
 7105
 5447
 5370
 7187
 1284
 4756
 3320
 6759
 5816
  321
 8393
 2827
 2791
 2733
 6383
 7201
 2134
 6087
 6343
 7113
 8087
 7812
  582
 7694
 2526
 5686
 7525
 2050
 7110
 8722
 8332
 6690
 4568
  819
 4555
 8362
 4954
 6953
 8912
 4004
 4311
 8492
 2556
 5033
 2850
 5529
 8124
 5723
 6363
 7061
 7154
 4242
  910
 8995
 6667
  253
 8534
 5717
 2123
 3048
 9728
 2835
 9968
 5478
 1597
 3151
 7611
 1667
 2246
 2462
 4136
  439
 7929
  939
 2710
 6761
 1747
 1840
 9538
  688
 5836
 5767
 4807
 4809
 6615
 2623
  653
 4340
 5560
  739
 6285
  184
 1943
 4939
 3389
 1342
 3191
 1728
 3291
 9196
 8934
 9159
 2883
 7985
 3584
 9153
 2636
 7315
 1785
  176
 4650
 4872
 9247
 3920
 8083
 7612
 9599
 4857
 6007
 7010
 5738
 4369
  120
 5736
 4476
  533
 8077
 3993
 4247
 6413
 9690
 9050
 9709
 6669
 6449
 3939
 1836
 1417
 7381
 8429
 4819
 1458
 1391
 3318
 5254
 6705
 8899
 4464
 8835
 2864
 8411
 5393
 3442
 2218
  573
 6619
 8982
 7130
 3136
 9959
 3344
 2592
 1723
 4278
 6477
 6644
 2643
 7972
 1851
 2775
 5327
 4348
 9904
 1128
 5665
 9279
 1244
 3861
 6473
 3705
 7062
 2771
 8828
 3677
 4075
 2132
  331
 7622
 9867
 5016
 8205
 6934
 9198
 6348
 1487
 8811
 2027
 6922
 5873
 9413
 9811
 3147
 4380
 8782
 7684
 9754
  734
 5358
 1426
 3500
 4943
 5937
 2360
 3366
  108
 2803
 9700
 2594
 4359
 6265
 7527
 8650
 9150
 3300
 9748
  958
 2624
  475
  301
 1165
 1472
 3010
 8866
 9430
 6983
  172
 3398
 8671
 7754
 3223
 5232
  454
 7412
   82
 9404
 5820
 9766
 1650
 5193
 2677
 2488
 7069
 1095
 7481
 6657
 5952
 3728
 2726
 1218
 6294
 9938
 4731
 3198
 1171
 1365
 7963
 3806
 7284
 2498
 7077
 5053
 1163
 3056
 3126
 6254
 6368
 6981
 4969
 8531
 2037
 8994
 1374
 3128
  782
 1754
 6492
 7465
 9001
 2842
 1375
 1588
  447
 9449
 4177
 2070
 7397
 3385
 3959
 7049
 4560
 6635
 8103
 2579
  712
 1442
 7637
 5339
 1909
  823
 6060
 6122
 3413
  374
 5611
 1296
 4252
 4823
 5488
 3842
 4458
 4800
 4455
 1283
 7196
 5682
 9293
 6321
 7074
 1623
 7765
 6474
 5476
 6941
  399
 5071
 1854
 2758
 8930
 1399
 2108
 9955
 3579
 2382
 8466
 8267
 6856
 5706
 9137
  135
 9919
 1064
 7027
 5948
