  1
  4 86
 21 28 67
 32 17 37 43
  9 48  7 84  6
 30 91 37 77 33 70
 84 72 31 17 33 47 25
 82 28 48 15 87 29 77 97
 49 88 82  3 14 15 50  3 59
  1 77 65 77 71 56 21 68 59 95
 64 99 25 67 30  9 77 50 88 51 57
 95 68 34  1 70 98 77 75 20 15 91 78
 59 86 69 29 10 63 28 87 16 28 54 96 18
 16 27 18 58 50 29 16 61 74 74  8  8  6 11
 79 80 38 61 44 74 49 34 82 81 14 10  7  6 20
 67 23 57 26 37 83 32 32 65 69 90 32 48 30 76 74
 55 72 41 54 59 88 67 12 47 40 12  6 55 67  8 92 84
 68 92 28 70 73 50 66 16 23 94 37 13 98 31  6 11 86 55
 70 10 67  2 31 90 53 33 44 90 35 36 49  8 85 76 18 92 49
 13 89 40 21 80 59 11 62 92 54 33 45 23 19 69 99 63 69 54 10
 74 15 24 88 71 44 98 16  4 19  1 38 40 37  9 45 50 46 67 81 57
 26 37 58 87 61 26 69 56 87 36 37 62 78 46 21 70 83 75 90 19 77 27
 30 70 46 96 19  2 23 90 32 86 76 96 28 40 83  3 25  6 51 42  1 15 71
 31 40 55 26 15 30  8 70 33 79 65 57 89  3 26 88 68  4 16 16 41 42 15  1
 53 76 57 23 86  7 49  8 37 66 21 80 52 42  4 99 16  5  6 11 80 95 12 22 76
 98 50  4 59 80 92 51 66 99 77 71 89 99 73 78  2 37 32  8 78 26 85 91  5 89 92
 49 69 38 42 74 69 34 63 51 96 11 99  3 62 36 51 64 81 63 95 50 49 99 24 20 44 69
 76  4 61 80 46 17 63  8 96 78 87 43  1 22 58 88  6 47 93 87 86 72 98 22 16 66 82 19
  2 81 56 47 44 15 80 87 10 60 80 22 47 40 50 70 78 32  4 60 29  6 47 22  9 65 85 34 31
 47 91 72 41  9 81 25  4 35 88 86 44 25 42 37 65 43 63 76 81 46 54 61 31 24 41 72 65 18 96
  4 33 89 47 51 87 67 42 58 15 97 47 16 31 61 81 48 14 47 15 33 66 82 85 16 18 74 28 35 25  4
 90 69  8 66  2 62 58 77 19 89 81 64 49 78 75 19 38 90 53 87 73 30 59 11 35 35 42 57 91 68 74 99
 36 10 40 28 92 24 39  8 53 51 54 23 20 42 97 50 58 37 38 79 91 68 57 53 93 23  3 97 50 97 21 82 10
 43  7 99 39 70 86 82 40 65 28 86 18 37 41  9 96  1 19 11  7 64 27 80 12 69 41 49 52 10 93 33 95 28 79
 85 42 50 29 72 34 43 43 97 36 59 71 48 18 33 42 48 36 47  7 18 99 55 46 89 82 59 42 30 84 58 28 64 88 26
 62  5 47 82 86 22 97 67 70 27 90 24 48 35 80 61  3 42 23 49 51 25 55 60 34 57 76 70 17 92 44 71 56 54 52 73
 89 55 60 84 43  3 94  4 73 90 26 64 93 78  6 10 36 88 21 94 59 98 79 39  3  3 61 78 47 51 74 93 28 16 14 99 14
 34 16 42 50 11 38 30 28  7 30 84 24 38 58  6 27 40  8 76 42  3 71 52 44 72  1 10 24 53 80 62 27 83 48 46  5 67 67
 43 24 58 35 10 85 58 84  3 67 67 84 36 82 80 91  8 27 51 74 78 45 39 17 89 47 14 92 62 59  9 45  4 70 14 20 10 35 62
 44 57 30 69 41  9 71 96 22 80 43 70 98 43  4 74 11 59 61 89 61 77 32 62 87 27 26  8 38  2 33 88 18  8 87 38 16 26 47 91
 42 16 13 63 31 39 57 85 83 17 74 76 69 17 36 30 92 42 22 24  4 86 83  2 19 52 29 63 55 56 46 78 18 73 25 17 88 89 10 26 89
 69 13 42 43 43 78 88 41 89 57  2 88 58 40 93 91 58 65 39 13  9 99 51 96 28 40 67 47  7  9 76 15 88 21 55 16 61 64 95 97 27  2
 26 20 98 95 81 15 52 29 60 51 31 33 78  9 68 89  5 39 91 48 42 80  9 68 87 28 13 90 81  9 25 95 39 85 78 94 11  1 28 71 24 40 11
 67  4 66 97 72 69 55 34 67 56 37 33 40 10 29 79 54 55  3 67 50 32 30 56 22 53 90 43 64 27 57 72 21 49 66 32 60 53 44 14 51 78 71 23
 43 96 75 81 42  1 93 54 47 47 54 82 10  6 63 18  1 70 88 81  6 14 85  3 93  1 11 98 29 95  1  7  7 24 31 77 40 81 74 97 37 78 20 95 37
 92 28 37 93 54 27 42 28 72 88 54 85  7 20 48 75 19 76 76 77 68 67 66 28 33 24 24 41 73 45 21 24 66 26 50 75 81 73 97 90 75 17 44 16 18 94
  7 12 89 81 89 24  9 66 86 81 72  4 75 52 29  4 74 40  3 34 71 99 57 37 30 93 52 98 48 39 33 12 11  3 71 34 64 35 24 15 14 71 89 56  6 33 93
 31 63 99  7 58 75 40 85 35 60 28  5 43 50 76  2 12 85 59 58 81 87 19 95  8 64 63 52  8 84 16 69 17 80 59  9 41  6 89 75 90 48 83 17 44 54 21 26
 87 44 39 68  8  5  5  9 50 93 19  6 67 94  3  8 12  9 24 66 54 67 64 35 37 93 44 44 76 73 35 58 93 89 42 47 27 30 42 46 52 93 95 69 27 33 68 14 22
 22 42 63  7 29 98 75 15 35 89 22 98 37 53  4 40 13 15 67 86 39  1 95 33 97 44 42 62 12 55 41 12 80 10 10 35 24 46  9 71 49 94 61 52 89 78 19 95 96 52
 27 67 73 71 43 19 79 13 96 31 55 78 98  6 35 65 42 13 51 82 48 62 53 28 48 60 87 84 11 87 10 89 51 83 36 64 80 46 48 43 84 71  3 21 44 82 25 95 24 44 70
  4  9 51  3 55 46 30  2 18 39 98 12 10 92 80 97  9 97 57 55 74 33  9  9 37 86 80 78 29 46 66  9 26  8 11 91 38 97 51 19 90 16 72 50 42 28 37 88 57 86  1 88
 38 45 47 40 53 89 95 14 43 25 51 56 84 63 19 54 32 19 96 37 88  2  9 63 59 63 66  8 80 42 36 77 64  1 77 77 64 65 82 38 59  3  2 65 36 95 63 63 87  2 20 71 68
 12 65 75 79 30 12 15 70 59 28 87 76 57 70 18 34 78 52 47 42 50 52 54 57 26 38 31 51 19 60 48 54 11 57  4 68 85 51 35 39 37 52 27 93 49 79 70 99 47 75 25  4 63 74
  6 46 77 47  7 66 15 39 10 42 17 57 52 34 14 95 57 18 71 88 41 31 84 44 58 67 37 77 45  3 64 67 64 20 74 99 82 68 15 59 13 98 98 98 15 32 28 86 34 60 65 28 13 96 50
 81 20 13 68 44 72 41  4 66 42 15 43 15 85 90 17  7 25 60 76 68 72 62 64  2 82 39 20 66 66 97 11 97  8 83 13 19 57 65 56 39 11 91 12 19 83 60 97 52 31 34 22 14 97 70 87
 48 85 48 38 10 65 33  5 75 85 95 92  3 41 69 26 86 11 26  9 45 85  1 11 46 30 97 58 40 51 45 88 69 85 98 25 69 11 98 47 84 35 37 82 53 54 90 40 40 43 17 66 35 37 30 85 25
 32 97 60  9 82 25 84 38 93 27 87 67 42 86 33 77 50 65  8 86 16 14 56 65 74 85 15 39 23 63 28  5 65 51 55 41 30 89 19 61 83 85 35 32 41 82 31 86 39  9 45 77 35 68 55 63 34 69
 90 14 67  8 21 87 67 48 21 15 22 66 62 80 91 49 75 98 25 67 86 29 23 64 24 58  8 27 46 62 18 28 27 25 34 69 22 55 94 46 87 65 75 27 12 67 19 14 21 13 52 20 22  5 39  3 26 18 22
  9 64 29 83 42 62 45 25 46 69 75 15 74 35 87 96 89 92 27 32 92 83 26 21 11 36 97 36 60 81  5 51 81 71 58 54 11 35 55 82 34 73 96 10 31 97 31 79 15 52 99 59 23 79 96 65  9  5 70 80
 49 74 24 61 52 57 81 16 56 85 44 85 23 23 50 76 86 58  7  9 11 69 55 95 59 23 92 61 76 80 73 50 46 41 39  6 78 35 61 20 18 55  8 56 98 85 51 24 79 54 81 57 33 47 97 98 77 33 90 23 71
 92 37 36  3 66 70 28 60 47 91 80 58 87 51 51 42  1 96 78 20 72 79 87 77 15 64 89 74 27 72  4 47 44 75 46 39 89 96 57 44 62  3 75 57 28 85 68 30 88 67 77 89 51 84 51 88 29 25 54 67 28 30
 95 54 20 84  1 44  1 55 17 21 74 54 50 18 22 31 46 32 43 25 74 37 82 36 87 55 72 81 43 91 55 61 30 35 75 44 34 80 41 40 16 28  5 40 10 61 18 15 58 17 37 17 35 84  8 33 26 13 55 70 68  6 35
 73 77 30 47 16 95 78  3  4 53 47  2 88 25 31 66 73 21 46 18 71 41 24 21 32 86 41 13 58 11 86 92 80 47 74 46 45 47 39 31 57 16  5 40 57 32 88 17 50 87 77 11 98 86 15 67 46 74 64  9 46 11 33 53
  5 87 96 61 60 67 35 22 66 82 75 19 39 29 18 23 95 52 63 17 94 80 91 43 48 88 52 32 69 74 62 47 75 86 23 56 72 44  8 24 58 18 76 67 59 79 22 40 68 46 51 14 36 46 54 97 67 13 22 97 92 71 13  4 32
 71 74 72 73 85 69 34 17 77 70 40 76 12 25 22 35 40 85 57 82 20 75 31 90 23 33 49 16 38 44 53 20  6 67 28 41  9  3  6 81  7 67 16 80 15 70 27 71 45  5 76 76 54 99 93 63 81 93 54 71 71 35 32 90 96 12
 17 33 47 60 39 54 37 19  3 94 46 22 14 59 11 43 80 43 13 38 89 89 42 53 10 25 33 85 71  8 86 16 10 92 48 66 88 89 91 27 35 76 24 65 44 87 24 29 53 91 74 75 73 29 47 11 37 73 51 14 10 39 59 81 55 44 73
 15 61  4 82 34 72 15 32  6 78 56 14 88 54 14 34 65 50  1 27  7 84 47 15 61 85 61 36  5 76 94 97 67 12 68 10 32  2 31 18 66 82 69 46 40 23 81 98 32 79 81  2 30 28 11 79 88 36 60 78 78 73 35 10 60 50 14 62
 54 37 80 93 95 19 42 26 99 71 53 88 68 70  6 80 12 68 58 63 75  4 27 85 92 24 39 14 97 36 30 20 81 18 51 35 56 56 94 98 77 90 68 39 41 82 64 61 32 34 22 49 23 30 63 97 28 81 61 28 54 81 60 48 40 11 62 80 37
 62 57 48 80 48 49  1 83 30  9 31 13 80 60 83 53 61 76 92 63 77 42 81 75 49 11  7  2 10 68 35 43  7 66 95  9 86 99 37  2 75 47 66 24 89 70 77  8 41 83 87 74 17  2 23 75 54 43 39 81 33 54 65  2 61 66  5 59 26 10
 26 71 35 43 32 79 68 78  6 48 17  7 39 28 84 45 10 42 63 74 80 43 29 40  5 59 99 11 75 24 64 49 57 38 76 21 83 38 51 45  9 56 38 78 42 90 39 59 16 29 94 84 55 91 68 77 49 84 94 60 48 90 73 71 39 19 18 62 63  5 99
 64 87 35 55 37 31 22 18 15 30 65 17  8 76 79 51 49 57 64 25 82  1 40  4 14 88 99 29  6  5 30  2 60 10  8 20 32 80 75 35 64 53 45 51 36 46  6  4 75 54  7 66 53 52 51 81 95 43 37 33 47 29  9 71 92  6 18 85 16  2  3 77
 43  2 37 71 21 55 13 78  4 28 40 98 57 59 96 10 18 47 58  3 43 46 81 50 54 73 28  8 53 47 49 14 70  6 78 99 71 83 88 55 18 31 13  3 85 19 45 68 66 64 61 63  5 56 35  4 66 69 22 43 14  7 55 86 47 10 76 14 53  1 67 38 34
 78 94 60 39 65 59 12  8 71 14 90  4 48 99 27 89 18  4 48 76 12 59 13 58 70  9 40 90 65 28 60  1 52 74 57 23 73  1 74 93 57 54 13 65  1 52 41 11  6 99 85 27 29 91 91 68 60 25 57 65 25 93 80 99 96 61 77 54 56 21 64 57 27 90
 11 78 78 15 91 55 85 52 14 60 68 78 93 30 66 42 96 17 14 35 83 44 19 86  8 55 66 71 68 15 97  2 15 84 39 54 53 77 72 27 97 77 75 43 67 73 88 49 40 44 60 67 82 81 92 99 38 56 94 95 47 64  3 36  9 86 27 84 26 65 45 11  1 87 37
  4 39 16 41  7 20  2 77 50 14 90 54 70 58 97 73 35 41 89 87 15 25 43 77 61 37 41 48  8 88 11 77 72 12 54 52 43 23  3 68 88 45 86  4 90 60 23 70 26 65 52 14 25 51 72 12 89 39 58 88 44 30 69 62 57 63 69 65 59 84 18 27 34 65 13  7
 71 36 89 95 96 11  2 55 29 24 47 43 17 12  4 39 67 92 98 92 62 48 27 35 24 93 76 35 82 94 48 91 43 82 57 95 75 47 68  1 56 33  2 72 37 61 97 35 42 49 38 13 85 99 71 34 78 89 65 61 75 77  4 51 59 94 96 58 83 19 64 52  7 18 27 89 89
 22 91 75 57 70 38  3 23 26 33 45 34 65 29 68 98 83 23 42 90 71 85  9 38 48 85 27 52 71 70 75 59 52 71 26 20 30 53 82 62 11 24 69 70 62 69  3 86 13 83 86 31 12 10 13 49 32 12 55 33 38 38 97 74 39 55 13 56  5 49 14 89 17 40 17 40 74 47
  5 14 88 94 67 91 17 61 73 27 47  3 82 62 12 94 13 11 94 93 29 15 69 97 92 83 81 58 17 64 50 78 99  6 61 97 36  6 89 43 34 72 43  4 67 21 40 62 69 89 57 70 32 64  5 79 58 21 20 39  9 35 84 42  4 28  9 68  5 28 35 62 76 84 49 41 82 60 22
 19  1 75 94  3 39 92 89 81 86 71 23 27 47 16 28 68 23 94 36 15 51 31 58 37 23 56 69 26 16  5  7  4 34 78 97 40 37  9  6 99 93  2 58 48  3 37 82 50 50 65 73 78 16  8 66 90 32 76 84 50 67 45 95 12 80 57 86 63 72 42 36 38 34 73 70 11 57  4 97
 37 70 43 77 31  4 75 68 56  5 29 52 89 52 46 42 94 45 12  5 88 59 42 66  8  2 43 80  7  9 88 80 36 55 77 33 80 85 65 75 74 78 93  7  3  1 41 51 65 19 89 27 62 72 77 81 27 29 61 85 12 67 34 83 11 65 62 49 65 94 35 99 91 31 44 59 30 55 33 79 90
 82 83 50 66 53 40 70 23 88 77 59 83 59 55 16 83 53 38 63 58 27 58 54 65 78 52 96 95 72 95 33 97  6 29 98 15  7 39 22 30 91 33 54 61 24 37 34 37 56 90 39 63 46 32 54 58 77 80 82  7 25 74 73 71 48 11 27 52  1  6 28 92 87 66 94 68 14 32 50  8  4 49
 66 18 76 70 17 42 21 91 57 53 97 82 10 53 58 56 11 57 68 90 80 58 65 10 86 12 97 66 26 91 14 90 61 93  9 10 60 96 44 41 39  7 90  7  5 44 73 39 56 44  7 65 73 87 54 93  9 79 56 35 73 43 92 35 68 92 95  8  5  8 18 80 20 23 17  2 73  1 19 78 94 56 75
 21  3 45 21 40 19 44 84  3 58 74 36 50 56 52 55 41 71 70 56 55 70 39  4 92 81 38 10 37 84 70  1 70 66  5 71 69 49 58 92  7 95 53 29 46 21 40 70  6 83 88  9  8 37 76 92 76 45 31 51 26  9 97 70 46 61 49 51 94 12 61  6 51 55  9 46 82 85 58 86 19 65 71 65
 74 44 40 41 18 33 11 37 99 79 80 38 98 89 66 45 27 90 71 59 15 55 25 49 58  1 41 14 21 43 37 56 89 89 14 17 54 66 65 49 57 35 96 21  3 52 53 76 71 51 92  7 42 67 44 90 24 41 56 26 66 45 14 47 78 52 69  5 93 16 41 59 44 39 52 99 51 53 17  9 28 31 10 13 52
 15 69 13 71  9  4 61 36 99 33 47 66 82 57  3 11  7 44 28 52 81 90 21 57 97 68 42 92 48 92 59 30 70 56 44 39 34 17 22 28 38 37  3 71 12 13 23 55 13 36  5 16 81 85 91 55 91 29 18 56 93 91 38 35 61 24  4 11 72 61 75 61 93 76 96  6 44 53 91 44 60 38 29 18 81 44
 86 98 44 27 16  5 38 41 58 94 63 44  2 15  5 35 50 74 98  8 56 79 64 80 48 64 27 26 28 83 52  7 43 63 64 98 54 21 27 57 43  8  7 51 34 27 42 69 41 28 89 96 43 97 31 77 47 76 44 38 18 86 91 45 62 42 63 88 92 80 82 41 27 42 70 32 87 64 18 30  8  2  4 16 59 58 78
  9 56  9 92 67  6 42 23 66 10 50 54 48 27 57  4 73 60 36 88 37 37 93 94 12 72 94 79 46 48 57 21 25 58 58  4 64 87 14 95  8 15 25 52 37 92 17 66 22  9  1 43 70 48 25 60 46 21 29 56 76 87 85 45 58 50 96 64 40 45  9 87 41 72 20 72 22 65 24 23 33 49 14 70 94 74 14 31
 95  4 45 77  2 99 27 18 21 42 63  8 59 52 81  1 70 39 13 33 80 59 37  1 38 75 26 56 32 57 60 48 54 37  4 85 28 42 64 81 13 57 67 23 49 72 29 66 32 36 98 53 93 28  8  7 51 93 57 38 60 30 11 79 52 97 86 25 67 13 72 54 13 36 89 48 91 55 95 39 96 50 94 52 53 62 86 23 69
 24 98  8 18 12 57 19 49 30 95 43 38 48 23 30 83 30 80 75 28 42 71  5 65 31 37 54 58 95 17  6 71  2 10  6 96 14 36 89 39 41 53 86 69 25 83 82 72  6 61 45 54 61 88 70 74 92 84 81 15 96 38 91 20 74 23 24 51 34 29 38 50  1  1  7 95 56 15 58  7 45 22 52 29 33 29 72 91 13 14
 60 37 76 85 91 59  7 39  9 90 61 63 38 40 45  2 54 60 98 76 82 98 42 26 41 65 63 17 74 18 34 23 17 48 81 88 93 18 73 29 55 82 71 13 92  2 72 39 81 16 43 19 56 42  5  5 10 36 49 23 65 87 61 30 81 77  2 74 62  6 66 36 11 53 32 94 27 60 47 16 43 19 22 92 59 15 58 59  6 68 76
 62 61 66 66 73 81 63 61 61 40 18 91 72 75 86 97 72 97 74 94 56 94 38  8 39 43 75 37 63 30 52 19 95  5 53 83 12 51 50 28 67 43 29 66 20 99 23 13 54 83 34  8  4 92 47 10 97 41 67 93 58 33 32 42 30 63 81 10 25 22 92  6  3 66 98 24 33 85 62 10 94 91 63 41 23 97 29 76  3 60 17 93
 59 18 11 96 17 33 16  8 13 29 51 38 75 80 69 13 33 86 60 11 92 57 18 14 98 69 73 98 82 85 31 15 48 40 48 27 53 37 53  5 93  9 95  8 85 33 66 93 15  9 34 29 92 40 86 10 35 70 78  1 63 75  2 51 78  5 65 61 80 23 26 90  8 99  3 38 32 48 95 41 41 10 53 64 85 26 93 77 58 63 49 51 63
 68  3 11 76 71 37 22 87 66 95 20 17 40 57 88  6 27 48 45 48 96 51  5  5 30 91 27 13 15 99 55 99 79 90 13 34 48 97 16  6 68 59 12 99 72 51 60 96 45 97  9 39 31 14 31 32 90 68 35 66 90 52 58 81 97  6 95 17 95 40 43 15 58 46 49 59 37 85 92 86 58 98 49 88 24 88  9 93 76 46 41  3 59 36
 42 15 90 69  6 60 27 14 89 36 89 18 77 16 80 67 62 54 94 91 99 42 38 78 96 59 78 75 48 30 91 86 30  2  1 87  9 69  7 27 33 41 45 68  9 11 47 14 87 74 62 97  4 16 89 46 39 46 17 45 25 74 57 50 85 37 49 48 82 19 49 44 36 41 33 27 17  7 83 47 25 16 44 21 21 94 44 10 71 16 40 72  4 83 31
 78  7 15 33 22 17 56 23 89 56 97 86 52 42 86 40  1 69 42  1 49 27 35 19 48 17 75 18 10 79 24 86 32 36 21 25 62 19 96 45 44 35 15 67 37 86 51 67 14 56 14 68 52  9 62 84 94 89 78 51 41 12 84 99 80 51 38 74  7  8 27 87 47  6 43 63  9 18 24 15 32 57 86 59 82 67 75 62 44 91 21 66 83 27 72 49
 98 70 44  8 72 18  4 71 94 88 76 88 26 66 49 39 12 86 10 64 76 19 39 24 45 13 46 15 87 12 16 14 71 51 12 29 64 97 55 70 42 96 56 83 79 28 89 92 16 95 29 49 51 94 92 94  8 34 43 77 37 18 63 74 89 88 10 16 64  8 78  9  3 27 69 17 93 62 28 34 14 74 87 56 10 37 42 48 97 25 45 57 46 63 85 14 53
 19  2 26 42 25 40 64 44 70 45 80 26 90 70 20 84 53 19  5 35  5 66 15 39 43 31 88 64 26 70 16 68 17 46 90 48 39 79 63 96  4 62 96 66  3 40 12 15  2 56 91 94 69 14 71 15 37 25 30 73 53 27 65 53 94 98 20 15 55  5 87 46 94 42 12 37 49 82 69 98 26 26 88 38 19  3 48 63 41 96 65 86 51 86 49 28  6  8
 99 58 90 94 66 34 97 50 99 94 45 62 55 38 73 51 44 97 52 21 28 83 82 61  8 51 93 98 57 24 40 19 91 78 78 97 84 64 59  2 60 28 71 64 36 42 31 49 85 89 83 30 45 30 75 78 96 47 16 33 79 80 30 72 35 56 63 34 74 95 12 52 20 56 69 95 75 28 24 32 13 11 41 57 83 16 23 54 94 87 21 82  7 44 44  4 45 57  8
 93 24 45 80  7 33 35 49 81 43 23 15 10  7 43 68  4 80 12 18 39 94 17 70 57 34 68 91 43 14 28 85 35 68 86 76 12 78 50 80 68  6 58  9 84 21 51 22 39 24 48 43 30 15 14 95 87 54 15 20 18 10 98 85 90 98 54  1 63 63 23  1 22 36 75 46 55 87 79 71  5 53 11 67 66  1 90 89 27 65 55 16 49 77 83  9 58 54 38 43
